91,9,3,2,318,2089.21,0.04,27.68,75.47,57833.24,0.7,3212.96,80,44,11,31,29,66,192,126,17,true
109,21,5,18,381,2547.56,0.04,28.37,89.79,72282.68,0.85,4015.7,97,41,12,24,28,75,229,152,38,true
505,106,41,82,2339,20696.93,0.01,75.93,272.58,1571506.88,6.9,87305.94,457,71,48,49,64,397,1397,942,178,true
107,25,7,14,619,4282.78,0.02,52.91,80.95,226588.75,1.43,12588.26,103,32,4,39,35,86,359,260,40,true
74,11,1,8,294,1917.93,0.03,28.77,66.66,55178.46,0.64,3065.47,60,71,14,49,29,63,169,125,21,true
602,136,123,123,2785,25942.69,0.01,105.26,246.47,2730637.23,8.65,151702.06,600,40,2,225,99,538,1641,1144,236,true
29,2,1,2,140,718.1,0.1,9.93,72.35,7127.8,0.24,395.99,28,3,1,8,8,27,73,67,3,true
36,3,1,1,254,1447.91,0.04,23.72,61.05,34338.99,0.48,1907.72,34,2,2,10,15,37,137,117,5,true
70,11,1,6,434,3047.71,0.04,26.63,114.46,81152.69,1.02,4508.48,57,14,13,18,28,102,240,194,21,true
109,20,12,4,223,1322.55,0.04,23.91,55.32,31619.49,0.44,1756.64,89,32,20,17,23,38,144,79,39,true
37,3,1,3,187,1095.44,0.04,24.97,43.87,27356.45,0.37,1519.8,35,15,2,24,21,37,99,88,5,true
90,29,8,9,488,3387.95,0.05,20.69,163.74,70100.61,1.13,3894.48,66,38,24,17,21,102,287,201,57,true
19,2,1,2,71,351.75,0.08,12.66,27.79,4451.81,0.12,247.32,18,25,1,9,15,16,44,27,3,true
152,21,4,5,430,2850.62,0.03,33.3,85.6,94929.66,0.95,5273.87,150,62,2,39,26,73,243,187,41,true
22,5,5,4,100,539.23,0.07,13.94,38.68,7516.89,0.18,417.61,22,0,0,12,17,25,59,41,9,true
69,12,1,1,536,3745.93,0.04,23.38,160.24,87570.07,1.25,4865,68,15,1,17,21,106,300,236,23,true
49,9,1,8,191,1166.73,0.05,21.31,54.76,24859.27,0.39,1381.07,46,1,3,10,25,44,116,75,12,true
48,3,1,2,248,1470.82,0.03,33.59,43.78,49408.04,0.49,2744.89,37,27,11,23,23,38,137,111,5,true
128,19,1,3,494,3310.02,0.02,50.76,65.2,168007.02,1.1,9333.72,107,62,21,34,34,70,285,209,37,true
32,6,1,5,186,1116,0.03,30.72,36.33,34286,0.37,1904.78,30,6,2,11,28,36,107,79,11,true
38,6,6,6,244,1447.1,0.05,21.71,66.64,31422.74,0.48,1745.71,38,6,0,20,19,42,148,96,11,true
34,6,6,6,176,1026.58,0.06,17,60.39,17452.01,0.34,969.56,34,5,0,19,19,38,108,68,11,true
16,3,1,3,60,300,0.11,9.33,32.14,2800,0.1,155.56,16,0,0,8,14,18,36,24,5,true
15,4,3,2,86,457.69,0.07,14.73,31.08,6740.46,0.15,374.47,14,6,1,8,18,22,50,36,7,true
14,3,1,3,47,215.49,0.16,6.43,33.52,1385.31,0.07,76.96,14,0,0,7,10,14,29,18,5,true
22,5,5,4,100,535.76,0.07,14.52,36.9,7779.61,0.18,432.2,22,0,0,13,17,24,59,41,9,true
22,3,1,3,74,370,0.12,8.11,45.57,3004.05,0.12,166.89,22,0,0,15,11,21,43,31,5,true
12,2,1,2,41,187.98,0.16,6.07,30.96,1141.33,0.06,63.41,12,0,0,8,10,14,24,17,3,true
25,8,1,4,110,611,0.08,12.13,50.38,7410.9,0.2,411.72,20,9,5,3,16,31,63,47,15,true
23,4,1,4,101,544.62,0.08,12.22,44.56,6656.52,0.18,369.81,23,0,0,12,15,27,57,44,7,true
8,1,1,1,49,238.04,0.14,7.03,33.87,1672.9,0.08,92.94,8,4,0,6,11,18,26,23,1,true
47,7,1,6,149,890.61,0.08,13.2,67.47,11756.11,0.3,653.12,40,4,7,9,18,45,83,66,13,true
19,3,3,2,77,391.73,0.08,12.25,31.98,4798.75,0.13,266.6,15,14,4,28,14,20,42,35,5,true
64,8,1,8,198,1174.29,0.04,22.28,52.7,26165.5,0.39,1453.64,48,73,16,32,22,39,119,79,12,true
110,25,21,9,663,4404.88,0.02,45.1,97.66,198677.1,1.47,11037.62,97,23,13,37,23,77,361,302,49,true
58,6,1,3,314,1961.85,0.05,20,98.09,39236.98,0.65,2179.83,58,17,0,18,16,60,164,150,11,true
167,26,1,23,671,4888.5,0.04,22.35,218.7,109272.46,1.63,6070.69,166,49,1,39,20,136,367,304,51,true
60,12,4,7,183,1080.96,0.04,26.43,40.9,28568.25,0.36,1587.13,58,0,2,13,25,35,109,74,16,true
14,3,1,1,46,218.72,0.08,12.5,17.5,2734.06,0.07,151.89,13,3,1,2,15,12,26,20,5,true
15,1,1,1,53,232.79,0.26,3.91,59.59,909.35,0.08,50.52,13,7,2,8,5,16,28,25,1,true
120,7,3,4,1002,7090.97,0.02,59.93,118.33,424927.99,2.36,23607.11,120,42,0,36,28,107,544,458,13,true
28,6,1,5,86,477.69,0.07,13.73,34.79,6559.11,0.16,364.4,28,0,0,7,21,26,52,34,8,true
64,12,8,7,368,2358.66,0.03,36.58,64.48,86270.84,0.79,4792.82,54,18,10,80,26,59,202,166,23,true
61,7,1,4,304,1893.56,0.05,19.66,96.31,37229.33,0.63,2068.3,49,0,12,11,16,59,159,145,13,true
3,1,1,1,10,33.22,0.33,3,11.07,99.66,0.01,5.54,3,0,0,1,6,4,6,4,1,true
141,24,9,18,657,4553.49,0.02,51.91,87.72,236376.96,1.52,13132.05,141,50,0,56,32,90,365,292,36,true
6,1,1,1,30,139.32,0.15,6.5,21.43,905.55,0.05,50.31,6,1,0,7,13,12,18,12,1,true
93,17,4,12,409,2680.83,0.03,38.18,70.21,102358.84,0.89,5686.6,93,27,0,31,28,66,229,180,24,true
6,1,1,1,30,139.32,0.15,6.5,21.43,905.55,0.05,50.31,6,1,0,7,13,12,18,12,1,true
31,7,4,4,108,603.18,0.07,14.1,42.78,8504.78,0.2,472.49,28,1,3,9,18,30,61,47,13,true
153,25,6,13,841,5942.58,0.02,61.92,95.98,367939.9,1.98,20441.11,153,55,0,55,33,101,462,379,40,true
63,17,9,7,429,2843.99,0.03,32,88.87,91007.81,0.95,5055.99,57,6,6,5,24,75,229,200,33,true
106,29,20,5,539,3676.08,0.03,39.86,92.23,146524.08,1.23,8140.23,106,39,0,32,28,85,297,242,57,true
23,5,4,3,113,650.3,0.05,20.26,32.1,13174.23,0.22,731.9,21,8,2,9,25,29,66,47,9,true
29,5,5,5,164,920.81,0.05,20.61,44.67,18980.62,0.31,1054.48,29,9,0,7,18,31,93,71,9,true
84,9,1,3,876,6498.04,0.02,46.39,140.08,301439.38,2.17,16746.63,84,20,0,27,31,140,457,419,17,true
17,1,1,1,102,550.02,0.07,13.54,40.63,7446.38,0.18,413.69,16,9,1,12,16,26,58,44,1,true
6,1,1,1,11,34.87,0.5,2,17.43,69.74,0.01,3.87,6,0,0,0,4,5,6,5,1,true
15,4,3,2,86,457.69,0.07,14.73,31.08,6740.46,0.15,374.47,14,5,1,7,18,22,50,36,7,true
29,5,5,5,146,815.4,0.05,18.6,43.84,15166.52,0.27,842.58,29,7,0,5,18,30,84,62,9,true
5,1,1,1,11,34.87,0.5,2,17.43,69.74,0.01,3.87,5,0,0,0,4,5,6,5,1,true
15,3,1,3,53,249.12,0.13,7.7,32.35,1918.25,0.08,106.57,15,0,0,9,11,15,32,21,5,true
5,1,1,1,11,34.87,0.5,2,17.43,69.74,0.01,3.87,5,0,0,0,4,5,6,5,1,true
6,1,1,1,11,34.87,0.5,2,17.43,69.74,0.01,3.87,6,0,0,0,4,5,6,5,1,true
23,4,1,4,101,548.05,0.08,11.79,46.5,6459.19,0.18,358.84,23,0,0,12,15,28,57,44,7,true
5,1,1,1,11,34.87,0.5,2,17.43,69.74,0.01,3.87,5,0,0,0,4,5,6,5,1,true
5,1,1,1,11,34.87,0.5,2,17.43,69.74,0.01,3.87,5,0,0,0,4,5,6,5,1,true
43,9,7,7,186,1084.92,0.07,13.35,81.27,14482.39,0.36,804.58,43,1,0,16,14,43,104,82,17,true
14,4,1,2,69,353.92,0.09,10.88,32.54,3848.89,0.12,213.83,12,7,2,4,15,20,40,29,7,true
16,5,1,2,90,482.18,0.08,12.16,39.65,5863.3,0.16,325.74,13,4,3,3,16,25,52,38,9,true
3,1,1,1,18,68.53,0.22,4.5,15.23,308.4,0.02,17.13,3,0,0,2,9,5,13,5,1,true
24,4,1,1,116,585.15,0.06,16,36.57,9362.4,0.2,520.13,19,6,5,7,12,21,60,56,7,true
17,4,1,1,79,391.38,0.08,12.28,31.88,4805.3,0.13,266.96,15,6,2,8,13,18,45,34,7,true
6,1,1,1,11,34.87,0.5,2,17.43,69.74,0.01,3.87,6,0,0,0,4,5,6,5,1,true
27,7,1,4,94,506.88,0.05,21.45,23.63,10872.53,0.17,604.03,27,4,0,20,22,20,55,39,12,true
6,1,1,1,11,34.87,0.5,2,17.43,69.74,0.01,3.87,6,0,0,0,4,5,6,5,1,true
14,2,1,2,61,293.25,0.13,7.78,37.7,2280.82,0.1,126.71,14,8,0,9,10,18,33,28,3,false
4,1,1,1,11,34.87,0.4,2.5,13.95,87.17,0.01,4.84,4,2,0,1,5,4,7,4,1,false
4,1,1,1,11,34.87,0.4,2.5,13.95,87.17,0.01,4.84,4,3,0,3,5,4,7,4,1,false
11,1,1,1,38,152,0.14,7,21.71,1064,0.05,59.11,10,6,1,5,8,8,24,14,1,false
0,1,1,1,2,2,0,0,0,0,0,0,0,0,0,0,2,0,2,0,1,false
6,2,1,2,20,76.15,0.15,6.67,11.42,507.65,0.03,28.2,6,0,0,0,8,6,10,10,3,false
0,1,1,1,1,0,0,0,0,0,0,0,0,0,0,0,1,0,1,0,1,false
6,1,1,1,15,45,0.56,1.8,25,81,0.02,4.5,6,0,0,1,3,5,9,6,1,false
14,2,1,2,50,232.19,0.11,9.21,25.22,2138.11,0.08,118.78,14,0,0,5,13,12,33,17,3,false
17,6,1,3,71,316.62,0.05,21.67,14.61,6860.09,0.11,381.12,17,0,0,1,13,9,41,30,11,false
36,7,5,7,154,882.1,0.06,15.94,55.33,14063.19,0.29,781.29,35,9,1,23,18,35,92,62,13,false
49,10,7,7,168,1022.69,0.05,21.36,47.89,21841.82,0.34,1213.43,43,11,6,30,26,42,99,69,18,false
0,1,1,1,2,2,0,0,0,0,0,0,0,0,0,0,2,0,2,0,1,false
40,9,5,7,165,974.64,0.04,23.21,41.98,22625.5,0.32,1256.97,36,2,4,16,25,35,100,65,15,false
7,2,1,1,10,28.07,0.5,2,14.04,56.15,0.01,3.12,7,0,0,5,4,3,7,3,3,false
76,14,5,8,227,1426.79,0.04,25.15,56.74,35879.48,0.48,1993.3,67,17,9,18,27,51,132,95,25,false
19,2,1,2,90,478.97,0.08,12.67,37.81,6067,0.16,337.06,18,3,1,16,16,24,52,38,3,false
15,3,1,3,48,228.23,0.16,6.18,36.95,1409.68,0.08,78.32,15,15,0,7,10,17,27,21,5,false
10,3,1,1,31,142.13,0.09,10.83,13.12,1539.78,0.05,85.54,10,0,0,2,15,9,18,13,5,false
10,1,1,1,37,167.37,0.14,7.09,23.6,1186.82,0.06,65.93,10,19,0,11,12,11,24,13,1,false
15,3,1,3,48,228.23,0.16,6.18,36.95,1409.68,0.08,78.32,15,15,0,7,10,17,27,21,5,false
10,3,1,1,31,142.13,0.09,10.83,13.12,1539.78,0.05,85.54,10,0,0,2,15,9,18,13,5,false
9,1,1,1,31,131.69,0.16,6.11,21.55,804.75,0.04,44.71,9,15,0,15,10,9,20,11,1,false
0,1,1,1,2,2,0,0,0,0,0,0,0,0,0,0,2,0,2,0,1,false
0,1,1,1,2,2,0,0,0,0,0,0,0,0,0,0,2,0,2,0,1,false
57,9,1,9,211,1330.1,0.04,22.33,59.57,29696.99,0.44,1649.83,57,19,0,25,27,52,125,86,13,false
36,9,5,5,112,618.64,0.08,12,51.55,7423.67,0.21,412.43,28,6,8,14,16,30,67,45,17,false
0,1,1,1,2,2,0,0,0,0,0,0,0,0,0,0,2,0,2,0,1,false
9,1,1,1,24,93.77,0.17,6,15.63,562.59,0.03,31.26,9,0,0,1,9,6,16,8,1,false
8,1,1,1,14,42,0.3,3.33,12.6,140,0.01,7.78,7,4,1,4,5,3,10,4,1,false
14,2,1,2,35,148.68,0.21,4.73,31.45,702.84,0.05,39.05,14,4,0,7,8,11,22,13,3,false
4,1,1,1,15,53.77,0.29,3.5,15.36,188.21,0.02,10.46,4,0,0,0,6,6,8,7,1,false
36,10,1,6,151,856.54,0.07,14.58,58.73,12491.15,0.29,693.95,36,0,0,3,15,36,81,70,19,false
3,1,1,1,11,34.87,0.5,2,17.43,69.74,0.01,3.87,3,0,0,1,4,5,6,5,1,false
10,2,1,2,29,120.93,0.15,6.5,18.6,786.03,0.04,43.67,10,0,0,0,9,9,16,13,3,false
8,2,1,2,41,192.72,0.1,9.92,19.43,1911.12,0.06,106.17,8,0,0,0,14,12,24,17,3,false
0,1,1,1,2,2,0,0,0,0,0,0,0,0,0,0,2,0,2,0,1,false
0,1,1,1,2,2,0,0,0,0,0,0,0,0,0,0,2,0,2,0,1,false
0,1,1,1,2,2,0,0,0,0,0,0,0,0,0,0,2,0,2,0,1,false
51,14,9,11,245,1496.59,0.05,21.88,68.42,32737.87,0.5,1818.77,51,10,0,28,21,48,145,100,27,false
0,1,1,1,2,2,0,0,0,0,0,0,0,0,0,0,2,0,2,0,1,false
0,1,1,1,2,2,0,0,0,0,0,0,0,0,0,0,2,0,2,0,1,false
0,1,1,1,2,2,0,0,0,0,0,0,0,0,0,0,2,0,2,0,1,false
0,1,1,1,2,2,0,0,0,0,0,0,0,0,0,0,2,0,2,0,1,false
0,1,1,1,2,2,0,0,0,0,0,0,0,0,0,0,2,0,2,0,1,false
7,1,1,1,28,114.45,0.24,4.2,27.25,480.69,0.04,26.7,7,9,0,6,7,10,16,12,1,false
18,5,1,5,87,387.97,0.05,19,20.42,7371.44,0.13,409.52,18,5,0,7,11,11,49,38,6,false
9,1,1,1,31,131.69,0.16,6.11,21.55,804.75,0.04,44.71,9,16,0,10,10,9,20,11,1,false
7,1,1,1,28,114.45,0.24,4.2,27.25,480.69,0.04,26.7,7,9,0,6,7,10,16,12,1,false
3,1,1,1,12,41.51,0.29,3.5,11.86,145.3,0.01,8.07,3,0,0,1,7,4,8,4,1,false
10,1,1,1,37,167.37,0.14,7.09,23.6,1186.82,0.06,65.93,10,19,0,11,12,11,24,13,1,false
35,7,5,7,148,843.67,0.06,15.62,54.02,13176.06,0.28,732,34,5,1,22,18,34,89,59,13,false
23,6,5,4,85,446.07,0.1,9.92,44.98,4423.57,0.15,245.75,22,5,1,13,14,24,51,34,11,false
0,1,1,1,2,2,0,0,0,0,0,0,0,0,0,0,2,0,2,0,1,false
0,1,1,1,2,2,0,0,0,0,0,0,0,0,0,0,2,0,2,0,1,false
0,1,1,1,2,2,0,0,0,0,0,0,0,0,0,0,2,0,2,0,1,false
63,11,5,6,267,1692.74,0.03,33.53,50.49,56756.57,0.56,3153.14,63,10,0,31,30,51,153,114,16,false
22,3,1,2,55,241.58,0.12,8.64,27.97,2086.35,0.08,115.91,17,9,5,7,10,11,36,19,5,false
0,1,1,1,2,2,0,0,0,0,0,0,0,0,0,0,2,0,2,0,1,false
8,3,1,3,48,214.05,0.08,12,17.84,2568.63,0.07,142.7,8,0,0,0,11,11,24,24,5,false
142,73,15,60,1061,8015.42,0.02,60.04,133.5,481241.52,2.67,26735.64,139,0,3,8,36,152,554,507,143,false
58,72,70,71,483,2980.07,0.03,33.23,89.69,99019.72,0.99,5501.1,58,0,0,2,17,55,268,215,143,false
22,14,9,1,102,500.5,0.03,31.95,15.66,15993.34,0.17,888.52,21,4,1,4,19,11,65,37,27,false
29,8,6,6,141,765.1,0.04,26.96,28.38,20624.52,0.26,1145.81,29,0,0,1,20,23,79,62,15,false
44,6,1,3,202,1183.31,0.06,16.4,72.17,19400.82,0.39,1077.82,44,15,0,15,15,43,108,94,11,false
0,1,1,1,2,2,0,0,0,0,0,0,0,0,0,0,2,0,2,0,1,false
5,1,1,1,7,19.65,0.5,2,9.83,39.3,0.01,2.18,5,0,0,1,4,3,4,3,1,false
7,1,1,1,28,114.45,0.24,4.2,27.25,480.69,0.04,26.7,7,9,0,6,7,10,16,12,1,false
8,1,1,1,25,97.67,0.18,5.71,17.09,558.13,0.03,31.01,8,9,0,5,8,7,15,10,1,false
16,1,1,1,54,244.27,0.12,8.08,30.24,1972.97,0.08,109.61,16,12,0,11,10,13,33,21,1,false
7,1,1,1,28,114.45,0.24,4.2,27.25,480.69,0.04,26.7,7,9,0,6,7,10,16,12,1,false
8,1,1,1,25,97.67,0.18,5.71,17.09,558.13,0.03,31.01,8,9,0,5,8,7,15,10,1,false
9,1,1,1,31,131.69,0.16,6.11,21.55,804.75,0.04,44.71,9,16,0,10,10,9,20,11,1,false
53,3,3,2,296,1907.11,0.06,16.76,113.81,31957.74,0.64,1775.43,51,26,2,48,17,70,158,138,5,false
253,33,13,27,1054,8002.45,0.01,72.75,109.99,582205.62,2.67,32344.76,218,159,35,17,47,146,602,452,51,false 
3,1,1,1,29,118.54,0.16,6.43,18.44,762.02,0.04,42.33,3,0,0,1,10,7,20,9,1,false