1.1,1.4,1.4,1.4,1.3,1.3,1.3,1.3,1.3,1.3,1.3,1.3,2,2,2,2,1.2,1.2,1.2,1.2,1.4,false
1,1,1,1,1,1,1,1,1,1,1,1,1,1,1,1,1,1,1,1,1,true
83,11,1,11,171,927.89,0.04,23.04,40.27,21378.61,0.31,1187.7,65,10,6,0,18,25,107,64,21,true
46,8,6,8,141,769.78,0.07,14.86,51.81,11436.73,0.26,635.37,37,2,5,0,16,28,89,52,15,true
25,3,1,3,58,254.75,0.11,9.35,27.25,2381.95,0.08,132.33,21,0,2,0,11,10,41,17,5,true
43,3,1,3,115,569.73,0.09,11.27,50.53,6423.73,0.19,356.87,35,2,4,0,11,20,74,41,5,true
48,6,1,6,149,751.61,0.06,15.43,48.72,11596.34,0.25,644.24,41,2,2,0,12,21,95,54,11,true
69,12,1,12,231,1212.27,0.04,27.27,44.45,33061.94,0.4,1836.77,62,3,2,0,16,22,156,75,23,true
47,6,1,6,149,745,0.06,16.2,45.99,12069,0.25,670.5,41,2,1,0,12,20,95,54,11,true
48,7,1,7,155,801.34,0.06,17.82,44.97,14278.39,0.27,793.24,42,2,1,0,14,22,99,56,13,true
58,9,1,9,193,1027.13,0.05,20.7,49.62,21261.63,0.34,1181.2,50,2,2,0,15,25,124,69,17,true
65,6,1,5,155,801.34,0.05,19.73,40.62,15808.22,0.27,878.23,54,4,5,0,14,22,93,62,11,true
116,11,4,8,289,1700.08,0.04,26.6,63.91,45222.23,0.57,2512.35,88,14,12,0,19,40,177,112,21,true
24,4,1,4,74,347.83,0.09,11.37,30.6,3953.7,0.12,219.65,20,0,0,0,11,15,43,31,7,true
77,19,12,19,231,1245.63,0.03,29.25,42.59,36434.54,0.42,2024.14,61,7,7,0,18,24,153,78,37,true
9,1,1,1,13,46.6,0.29,3.5,13.32,163.12,0.02,9.06,5,0,0,0,7,5,8,5,1,true
16,2,1,2,43,191.76,0.18,5.43,35.32,1040.96,0.06,57.83,13,0,1,0,8,14,24,19,3,true
93,7,3,6,257,1499.05,0.03,29.86,50.21,44757.43,0.5,2486.52,71,4,15,0,22,35,162,95,12,true
23,1,1,1,67,307.19,0.21,4.74,64.87,1454.65,0.1,80.81,18,0,1,0,7,17,44,23,1,true
30,1,1,1,21,85.84,0.3,3.33,25.75,286.12,0.03,15.9,18,0,1,0,5,12,5,16,1,true
30,1,1,1,54,108,0.03,39,2.77,4212,0.04,234,28,0,0,0,3,1,28,26,1,true
35,3,1,3,108,529.94,0.08,13,40.76,6889.27,0.18,382.74,30,0,3,0,12,18,69,39,5,true
25,4,1,4,57,232.99,0.07,13.5,17.26,3145.3,0.08,174.74,20,0,3,0,9,8,33,24,7,true
20,7,7,3,54,240.81,0.1,9.58,25.13,2307.76,0.08,128.21,14,0,1,0,10,12,31,23,13,true
119,14,1,14,289,1605.28,0.03,30.72,52.25,49320.73,0.54,2740.04,85,26,6,0,18,29,190,99,27,true
35,4,1,4,78,362.22,0.07,14.31,25.32,5182.54,0.12,287.92,31,0,2,0,12,13,47,31,7,true
33,4,1,4,73,334.7,0.07,14.5,23.08,4853.18,0.11,269.62,30,0,1,0,12,12,44,29,7,true
17,2,1,2,25,92.51,0.16,6.4,14.45,592.07,0.03,32.89,12,0,3,0,8,5,17,8,3,true
44,3,1,3,127,603.87,0.06,16,37.74,9661.93,0.2,536.77,38,2,2,0,12,15,87,40,5,true
84,15,9,15,230,1347.34,0.04,25.26,53.35,34029.33,0.45,1890.52,72,0,10,0,21,37,141,89,29,true
56,3,1,3,150,769.39,0.07,14.09,54.62,10838.4,0.26,602.13,43,3,4,0,12,23,96,54,5,true
58,3,1,3,191,1016.49,0.05,21,48.4,21346.25,0.34,1185.9,46,2,3,0,15,25,121,70,5,true
78,7,1,6,213,1189.6,0.06,17.71,67.19,21062.86,0.4,1170.16,66,4,6,0,14,34,127,86,13,true
75,8,3,8,250,1356.57,0.03,29.1,46.62,39470.86,0.45,2192.83,63,5,5,0,17,26,161,89,15,true
12,1,1,1,22,76.11,0.3,3.33,22.83,253.69,0.03,14.09,6,1,3,0,5,6,14,8,1,true
11,1,1,1,22,76.11,0.3,3.33,22.83,253.69,0.03,14.09,6,1,2,0,5,6,14,8,1,true
69,10,1,10,199,1059.06,0.04,25,42.36,26476.59,0.35,1470.92,54,7,6,0,16,24,124,75,19,true
39,5,3,5,86,430,0.09,11.67,36.86,5016.67,0.14,278.7,33,1,1,0,14,18,56,30,8,true
53,5,1,5,113,579.61,0.1,9.65,60.05,5594.49,0.19,310.8,47,0,0,0,12,23,76,37,8,true
52,5,1,5,107,544.36,0.1,9.82,55.44,5344.61,0.18,296.92,46,0,1,0,12,22,71,36,8,true
30,2,1,2,74,330,0.08,12.5,26.4,4124.97,0.11,229.17,24,2,2,0,10,12,44,30,3,true
27,3,1,3,77,394.95,0.14,7.1,55.59,2805.82,0.13,155.88,22,0,3,0,11,24,46,31,5,true
47,7,1,6,105,525,0.08,12.05,43.58,6323.86,0.18,351.33,43,0,2,0,10,22,52,53,13,true
49,7,1,6,110,554.88,0.08,12.17,45.58,6755.1,0.18,375.28,44,0,3,0,10,23,54,56,13,true
7,1,1,1,14,50.19,0.33,3,16.73,150.57,0.02,8.36,4,0,0,0,6,6,8,6,1,true
66,12,5,12,177,922.07,0.05,20.45,45.08,18860.59,0.31,1047.81,55,4,5,0,15,22,117,60,23,true
14,1,1,1,29,118.54,0.18,5.63,21.07,666.77,0.04,37.04,7,2,2,0,9,8,19,10,1,true
29,3,1,3,64,300.83,0.11,9.17,32.82,2757.59,0.1,153.2,25,0,1,0,11,15,39,25,5,true
6,1,1,1,14,48.43,0.4,2.5,19.37,121.08,0.02,6.73,4,0,0,0,5,6,8,6,1,true
12,1,1,1,36,140.65,0.19,5.25,26.79,738.4,0.05,41.02,9,0,0,0,7,8,24,12,1,true
38,7,1,7,119,583.92,0.06,16,36.49,9342.72,0.19,519.03,30,0,6,0,12,18,71,48,13,true
132,16,11,13,322,2052.76,0.03,29.65,69.24,60862.61,0.68,3381.26,101,7,22,0,26,57,192,130,31,true
26,4,1,4,81,418.76,0.08,11.79,35.53,4935.43,0.14,274.19,24,0,0,0,15,21,48,33,7,true
56,5,1,4,178,988.72,0.08,13.19,74.95,13042.34,0.33,724.57,48,1,5,0,13,34,109,69,9,true
21,1,1,1,76,365.36,0.16,6.2,58.93,2265.23,0.12,125.85,14,0,0,0,8,20,45,31,1,true
43,6,5,5,95,508.97,0.05,18.9,26.93,9619.48,0.17,534.42,30,0,10,0,21,20,59,36,11,true
12,4,1,2,44,199.04,0.1,9.82,20.27,1954.18,0.07,108.57,10,0,0,0,12,11,26,18,7,true
11,1,1,1,26,98.99,0.17,6,16.5,593.95,0.03,33,8,0,1,0,8,6,17,9,1,true
26,2,1,2,68,319.63,0.14,7.15,44.72,2284.41,0.11,126.91,21,0,3,0,9,17,41,27,3,true
80,11,1,11,274,1637.77,0.03,28.71,57.05,47016.12,0.55,2612.01,66,2,10,0,22,41,167,107,21,true
63,8,1,8,185,1069.55,0.04,24.33,43.95,26025.75,0.36,1445.88,52,2,7,0,22,33,112,73,15,true
10,2,1,2,23,87.57,0.08,12.83,6.82,1123.8,0.03,62.43,8,0,0,0,11,3,16,7,3,true
9,2,1,1,31,129.27,0.18,5.6,23.08,723.9,0.04,40.22,6,0,0,0,8,10,17,14,3,true
35,5,1,4,89,448.95,0.05,20.4,22.01,9158.6,0.15,508.81,29,1,3,0,18,15,55,34,9,true
9,1,1,1,25,92.51,0.4,2.5,37,231.28,0.03,12.85,7,0,0,0,5,8,17,8,1,true
16,2,1,2,35,136.74,0.07,13.75,9.94,1880.19,0.05,104.46,11,0,1,2,11,4,25,10,3,true
5,1,1,1,10,28.07,0.27,3.75,7.49,105.28,0.01,5.85,3,0,0,0,5,2,7,3,1,true
16,1,1,1,28,109.39,0.22,4.57,23.93,500.08,0.04,27.78,11,1,1,0,8,7,20,8,3,true
4,1,1,1,7,19.65,0.33,3,6.55,58.95,0.01,3.28,2,0,0,0,6,1,6,1,1,true
12,2,1,2,24,88.81,0.29,3.43,25.9,304.49,0.03,16.92,8,2,0,0,6,7,16,8,3,true
8,2,1,1,20,74.01,0.19,5.25,14.1,388.55,0.02,21.59,5,0,0,0,7,6,11,9,3,true
4,1,1,1,5,11.61,0.5,2,5.8,23.22,0,1.29,2,0,0,0,4,1,4,1,1,true
14,2,1,2,29,120.93,0.15,6.87,17.59,831.38,0.04,46.19,11,1,0,0,10,8,18,11,3,true
56,3,1,2,101,537.51,0.13,7.5,71.67,4031.36,0.18,223.96,33,5,14,0,10,30,56,45,5,true
30,2,1,2,55,248.8,0.11,9.17,27.14,2280.63,0.08,126.7,21,0,4,0,11,12,35,20,3,true
52,8,1,8,247,1440.72,0.04,23.08,62.43,33247.47,0.48,1847.08,45,0,2,3,18,39,147,100,15,true
41,6,3,6,109,572.02,0.05,18.45,31,10553.84,0.19,586.32,35,0,2,0,18,20,68,41,11,true
4,1,1,1,1,0,0,0,0,0,0,0,1,1,0,0,1,0,1,0,1,true
15,1,1,1,26,101.58,0.29,3.5,29.02,355.53,0.03,19.75,8,2,3,0,7,8,18,8,1,true
9,1,1,1,31,107.24,0.29,3.43,31.28,367.69,0.04,20.43,7,0,0,0,4,7,19,12,1,true
5,1,1,1,8,24,0.33,3,8,72,0.01,4,3,0,0,0,6,2,6,2,1,true
25,1,1,1,65,309.07,0.15,6.5,47.55,2008.94,0.1,111.61,13,1,2,0,9,18,39,26,1,true
45,1,1,1,0,0,0,0,0,0,0,0,0,0,0,0,0,0,0,0,1,true
4,1,1,1,4,8,0.67,1.5,5.33,12,0,0.67,2,0,0,0,3,1,3,1,1,true
23,3,1,2,70,316.65,0.07,14.18,22.33,4490.66,0.11,249.48,18,1,1,0,12,11,44,26,5,true
14,1,1,1,33,134.89,0.24,4.2,32.11,566.52,0.04,31.47,10,0,0,0,7,10,21,12,1,true
18,2,1,1,39,156,0.1,9.64,16.18,1504.29,0.05,83.57,14,0,2,0,9,7,24,15,3,true
40,4,1,3,110,544.96,0.07,15.17,35.93,8265.25,0.18,459.18,31,1,2,0,13,18,68,42,7,true
24,3,1,2,80,371.51,0.07,13.85,26.83,5143.96,0.12,285.78,18,1,1,0,12,13,50,30,5,true
52,6,1,5,133,670.9,0.06,16.25,41.29,10902.2,0.22,605.68,43,3,2,0,13,20,83,50,11,true
11,1,1,1,14,51.81,0.25,4,12.95,207.22,0.02,11.51,6,0,1,0,8,5,9,5,1,true
23,6,6,2,70,346.79,0.05,19.79,17.52,6863.63,0.12,381.31,17,0,4,0,19,12,45,25,11,true
4,1,1,1,4,8,0.67,1.5,5.33,12,0,0.67,2,0,0,0,3,1,3,1,1,true
38,8,8,5,191,1123.58,0.04,28.27,39.75,31758.83,0.37,1764.38,26,1,8,0,27,32,124,67,15,true
113,15,11,14,527,3493.67,0.03,33.28,104.99,116258.98,1.16,6458.83,88,5,18,0,25,74,330,197,29,true
8,1,1,1,26,106.27,0.26,3.85,27.6,409.16,0.04,22.73,4,0,2,0,7,10,15,11,1,true
38,6,3,6,167,894.71,0.05,20.8,43.01,18609.99,0.3,1033.89,26,0,10,0,16,25,102,65,11,true
47,13,10,10,231,1303.73,0.03,36.93,35.3,48144.92,0.43,2674.72,40,0,5,0,22,28,137,94,25,true
8,1,1,1,17,60.94,0.2,5,12.19,304.72,0.02,16.93,4,0,2,0,8,4,12,5,1,true
4,1,1,1,5,11.61,0.67,1.5,7.74,17.41,0,0.97,2,0,0,0,3,2,3,2,1,true
15,3,1,1,43,204.46,0.1,9.69,21.1,1981.69,0.07,110.09,10,0,3,0,14,13,25,18,5,true
38,5,1,5,61,307.71,0.07,15,20.51,4615.62,0.1,256.42,19,0,17,0,18,15,36,25,7,true
48,12,1,11,177,977.67,0.04,26.92,36.31,26321.9,0.33,1462.33,38,2,6,0,20,26,107,70,21,true
70,15,14,3,293,1662.02,0.02,41.3,40.24,68641.45,0.55,3813.41,52,0,11,0,21,30,175,118,29,true
23,5,3,3,116,633.29,0.04,22.8,27.78,14439.1,0.21,802.17,16,0,5,0,24,20,78,38,9,true
27,8,6,5,128,694.56,0.05,20.16,34.45,14002.37,0.23,777.91,22,0,3,0,18,25,72,56,15,true
10,1,1,1,26,104,0.23,4.28,24.31,444.89,0.03,24.72,5,0,3,0,7,9,15,11,1,true
13,1,1,1,46,213.62,0.13,7.46,28.62,1594.5,0.07,88.58,9,2,0,0,11,14,27,19,1,true
23,8,8,8,109,545,0.07,14.71,37.05,8017.24,0.18,445.4,19,0,1,0,13,19,66,43,15,true
11,4,4,4,38,164.23,0.1,9.78,16.8,1605.84,0.05,89.21,8,0,1,0,11,9,22,16,7,true
9,2,1,2,42,184.48,0.13,7.73,23.87,1425.51,0.06,79.19,6,0,1,0,10,11,25,17,3,true
11,3,3,2,43,202.12,0.14,6.97,29.01,1408.1,0.07,78.23,7,0,2,0,11,15,24,19,5,true
49,8,1,7,185,1088.29,0.06,17.81,61.1,19385.15,0.36,1076.95,35,3,9,0,19,40,110,75,15,true
53,11,6,9,354,2139.72,0.02,44.31,48.29,94805.86,0.71,5266.99,43,0,8,0,27,39,226,128,21,true
21,5,4,2,81,418.76,0.05,21,19.94,8794.04,0.14,488.56,13,0,6,0,21,15,51,30,9,true
16,4,1,4,86,430,0.11,8.9,48.29,3829.05,0.14,212.72,11,0,3,0,11,21,52,34,7,true
22,5,3,4,123,679.4,0.04,25,27.18,16984.95,0.23,943.61,15,0,5,0,25,21,81,42,9,true
24,5,3,4,129,724.3,0.04,24.87,29.12,18012.97,0.24,1000.72,19,0,3,0,26,23,85,44,9,true
27,6,1,5,131,697.17,0.05,18.67,37.35,13013.89,0.23,722.99,22,0,3,0,16,24,75,56,11,true
27,5,1,4,93,408.49,0.05,21.33,19.15,8714.36,0.14,484.13,20,0,5,0,12,9,61,32,9,true
39,9,9,5,208,1233.59,0.03,35.34,34.9,43599.82,0.41,2422.21,29,0,8,0,29,32,130,78,17,true
16,3,1,3,58,275.78,0.14,7,39.4,1930.48,0.09,107.25,12,0,2,0,9,18,30,28,5,true
19,4,1,4,86,426.06,0.08,12.28,34.7,5231.08,0.14,290.62,13,0,4,0,13,18,52,34,7,true
66,16,11,15,259,1608.25,0.04,25.03,64.25,40253.51,0.54,2236.31,45,1,18,0,23,51,148,111,31,true
12,2,1,2,22,81.41,0.14,7.2,11.31,586.15,0.03,32.56,9,0,1,0,8,5,13,9,3,true
19,5,5,4,84,423.73,0.07,14.17,29.91,6002.83,0.14,333.49,14,0,3,0,15,18,50,34,9,true
9,3,3,2,50,216.1,0.07,13.5,16.01,2917.3,0.07,162.07,5,0,2,0,12,8,32,18,5,true
29,4,3,3,69,348.06,0.1,9.95,34.99,3462.31,0.12,192.35,22,0,5,0,14,19,42,27,7,true
286,27,5,25,481,2948.19,0.04,27.42,107.5,80852.59,0.98,4491.81,198,44,35,3,17,53,310,171,53,true
26,3,1,3,68,326.9,0.09,11,29.72,3595.9,0.11,199.77,21,0,1,0,14,14,46,22,5,true
64,11,1,11,177,954.44,0.06,18.15,52.58,17326.76,0.32,962.6,58,2,2,0,16,26,118,59,21,true
47,4,1,4,92,442.28,0.08,12.38,35.74,5473.17,0.15,304.07,38,2,5,0,12,16,59,33,7,true
107,9,7,7,187,1109.05,0.05,19.95,55.59,22125.51,0.37,1229.19,71,11,19,2,21,40,111,76,17,true
107,9,7,7,178,1051.43,0.05,19.65,53.5,20664.58,0.35,1148.03,70,11,20,2,21,39,105,73,17,true
74,5,3,4,131,727.65,0.07,14.45,50.35,10515.73,0.24,584.21,46,9,11,3,16,31,75,56,9,true
37,4,1,4,75,348.29,0.09,10.61,32.84,3694.35,0.12,205.24,27,3,5,0,11,14,48,27,7,true
79,7,1,6,161,889.29,0.07,14.03,63.37,12478.8,0.3,693.27,59,6,12,0,15,31,103,58,13,true
134,15,8,14,303,1804.12,0.03,30.22,59.7,54519.67,0.6,3028.87,90,11,28,3,21,41,185,118,29,true
55,4,3,3,152,894.16,0.06,16.14,55.37,14440.71,0.3,802.26,37,3,7,0,19,40,84,68,7,true
22,3,1,2,61,279.68,0.08,12,23.31,3356.19,0.09,186.46,15,1,1,0,12,12,37,24,5,true
22,3,1,2,73,325.54,0.06,16.2,20.09,5273.72,0.11,292.98,16,1,1,0,12,10,46,27,5,true
8,3,1,3,13,36.5,0.2,5,7.3,182.48,0.01,10.14,5,0,1,0,5,2,9,4,5,true
151,18,4,16,439,2790.97,0.03,38.54,72.43,107551.84,0.93,5975.1,120,3,24,2,26,56,273,166,34,true
2,1,1,1,3,4.75,1,1,4.75,4.75,0,0.26,0,0,0,0,2,1,2,1,1,true
2,1,1,1,5,11.61,0.5,2,5.8,23.22,0,1.29,0,0,0,0,4,1,4,1,1,true
70,13,4,12,291,1795.45,0.03,33.41,53.74,59984.29,0.6,3332.46,56,2,4,1,28,44,186,105,31,true
4,1,1,1,7,19.65,0.4,2.5,7.86,49.13,0.01,2.73,0,0,0,0,5,2,5,2,1,true
2,1,1,1,6,15.51,0.4,2.5,6.2,38.77,0.01,2.15,0,0,0,0,5,1,5,1,1,true
27,1,1,1,37,154.29,0.22,4.5,34.29,694.29,0.05,38.57,9,5,4,0,6,12,19,18,1,true
57,1,1,1,123,679.4,0.15,6.57,103.45,4461.99,0.23,247.89,42,2,11,0,9,37,69,54,1,true
4,1,1,1,4,8,0.67,1.5,5.33,12,0,0.67,2,0,0,0,3,1,3,1,1,true
7,1,1,1,15,45,0.5,2,22.5,90,0.02,5,5,0,0,0,4,4,11,4,1,true
7,1,1,1,9,25.27,0.27,3.75,6.74,94.75,0.01,5.26,4,0,1,0,5,2,6,3,1,true
16,2,1,2,32,118.41,0.14,7.2,16.45,852.58,0.04,47.37,13,0,1,0,8,5,23,9,3,true
11,1,1,1,11,36.54,0.33,3,12.18,109.62,0.01,6.09,6,0,1,0,6,4,7,4,1,true
8,2,1,1,17,62.91,0.15,6.75,9.32,424.63,0.02,23.59,6,0,0,0,9,4,11,6,3,true
62,14,1,9,445,3011.84,0.02,41.88,71.91,126141.8,1,7007.88,50,0,5,0,37,72,282,163,36,true
39,4,1,4,88,423.05,0.07,13.43,31.49,5682.93,0.14,315.72,34,1,2,0,13,15,57,31,7,true
165,13,11,12,365,2206.2,0.02,43.27,50.99,95460.74,0.74,5303.37,112,22,23,0,27,39,240,125,25,true
45,3,1,3,83,403.21,0.08,12.19,33.08,4914.15,0.13,273.01,25,11,7,0,13,16,53,30,5,true
3,1,1,1,1,0,0,0,0,0,0,0,1,0,0,0,1,0,1,0,1,true
21,2,1,2,61,279.68,0.16,6.43,43.51,1797.96,0.09,99.89,15,0,0,0,10,14,43,18,3,true
23,1,1,1,69,331.71,0.18,5.6,59.23,1857.56,0.11,103.2,13,0,0,0,8,20,41,28,1,true
12,1,1,1,24,98.1,0.26,3.85,25.48,377.68,0.03,20.98,6,0,0,0,7,10,13,11,1,true
44,7,1,5,124,650.74,0.07,14,46.48,9110.4,0.22,506.13,35,2,3,0,14,24,76,48,13,true
17,4,3,3,34,136,0.13,7.71,17.63,1049.14,0.05,58.29,14,0,1,0,9,7,22,12,7,true
40,5,3,4,95,470.65,0.07,13.72,34.3,6458.35,0.16,358.8,35,0,3,0,13,18,57,38,9,true
179,13,4,12,361,2241.61,0.04,22.82,98.25,51144.16,0.75,2841.34,131,24,22,0,17,57,208,153,25,true
92,8,3,8,212,1184.01,0.07,15.17,78.07,17957.52,0.39,997.64,75,5,2,0,12,36,121,91,15,true
14,1,1,1,26,108.42,0.33,3,36.14,325.25,0.04,18.07,4,0,1,0,6,12,14,12,1,true
92,8,3,8,203,1121.28,0.07,15.35,73.03,17214.99,0.37,956.39,75,4,4,0,12,34,116,87,15,true
64,4,1,4,138,744.14,0.09,10.82,68.76,8053.51,0.25,447.42,45,12,5,0,11,31,77,61,7,true
184,16,12,13,437,2922,0.03,33.6,86.96,98179.22,0.97,5454.4,137,27,18,0,28,75,257,180,31,true
17,4,3,3,32,125.02,0.12,8.25,15.15,1031.42,0.04,57.3,15,0,0,0,9,6,21,11,7,true
38,5,3,4,93,460.74,0.08,13,35.44,5989.62,0.15,332.76,34,0,2,0,13,18,57,36,9,true
6,1,1,1,7,19.65,0.5,2,9.83,39.3,0.01,2.18,3,0,1,0,4,3,4,3,1,true
41,4,1,4,85,421.11,0.1,10.47,40.21,4409.92,0.14,245,35,0,3,0,13,18,56,29,7,true
13,1,1,1,7,16.25,1.33,0.75,21.67,12.19,0.01,0.68,8,0,1,0,1,4,1,6,1,true
20,4,3,3,36,147.15,0.14,7.31,20.12,1076.02,0.05,59.78,14,0,3,0,9,8,23,13,7,true
50,5,4,4,122,625.77,0.06,16.5,37.93,10325.25,0.21,573.62,43,2,3,0,15,20,78,44,9,true
17,1,1,1,50,219.62,0.2,5,43.92,1098.08,0.07,61,9,0,1,0,7,14,30,20,1,true
41,6,5,5,95,508.97,0.05,18.9,26.93,9619.48,0.17,534.42,29,0,9,0,21,20,59,36,11,true
29,4,1,1,60,278.63,0.08,12.46,22.36,3472.18,0.09,192.9,22,0,2,0,12,13,33,27,7,true
125,8,5,7,272,1704.57,0.06,17.69,96.33,30162.15,0.57,1675.67,88,19,16,0,18,59,156,116,15,true
42,5,3,4,113,570.02,0.06,15.47,36.84,8820.26,0.19,490.01,38,0,2,0,14,19,71,42,9,true
17,4,3,3,32,125.02,0.12,8.25,15.15,1031.42,0.04,57.3,15,0,0,0,9,6,21,11,7,true
14,3,3,3,40,169.92,0.11,8.94,19.01,1518.63,0.06,84.37,10,0,1,0,11,8,27,13,5,true
9,1,1,1,6,15.51,0.5,2,7.75,31.02,0.01,1.72,5,0,2,0,4,2,4,2,1,true
3,1,1,1,1,0,0,0,0,0,0,0,1,0,0,0,1,0,1,0,1,true
11,2,1,2,26,108.42,0.29,3.5,30.98,379.46,0.04,21.08,9,0,0,0,7,11,15,11,3,true
35,3,1,3,105,546.99,0.08,12.78,42.79,6991.99,0.18,388.44,26,4,3,0,14,23,63,42,5,true
7,2,1,2,11,34.87,0.19,5.25,6.64,183.06,0.01,10.17,5,0,0,0,7,2,8,3,3,true
34,5,1,5,99,490.47,0.05,18.75,26.16,9196.23,0.16,510.9,27,0,2,0,15,16,59,40,9,true
24,4,1,3,55,261.51,0.06,17.45,14.98,4564.69,0.09,253.59,19,0,3,0,16,11,31,24,7,true
35,4,1,4,85,432.43,0.07,13.82,31.3,5974.42,0.14,331.91,28,1,3,1,15,19,50,35,7,true
48,4,1,4,132,692.73,0.05,20.7,33.47,14339.44,0.23,796.64,41,0,3,2,18,20,86,46,7,true
61,7,1,7,167,942.52,0.09,11.57,81.45,10906.35,0.31,605.91,47,3,9,0,15,35,113,54,13,true
20,1,1,1,27,112.59,0.41,2.43,46.36,273.43,0.04,15.19,15,1,0,0,4,14,10,17,1,true
10,1,1,1,15,55.51,0.4,2.5,22.2,138.77,0.02,7.71,7,1,0,0,5,8,7,8,1,true
38,5,1,5,99,465.34,0.08,12.83,36.26,5971.91,0.16,331.77,33,0,3,0,11,15,64,35,8,true
4,1,1,1,4,8,0.67,1.5,5.33,12,0,0.67,2,0,0,0,3,1,3,1,1,true
15,2,1,2,35,136.74,0.13,7.43,18.41,1015.79,0.05,56.43,9,0,1,1,8,7,22,13,3,true
6,1,1,1,12,39.86,0.33,3,13.29,119.59,0.01,6.64,3,1,0,0,6,4,8,4,1,true
6,1,1,1,8,24,0.4,2.5,9.6,60,0.01,3.33,3,0,1,0,5,3,5,3,1,true
50,6,5,5,144,804.23,0.05,20,40.21,16084.69,0.27,893.59,41,2,5,0,20,28,88,56,11,true
17,1,1,1,43,182.66,0.17,5.82,31.39,1062.75,0.06,59.04,11,0,2,0,8,11,27,16,1,true
20,2,1,2,49,221.65,0.14,7.31,30.33,1619.78,0.07,89.99,13,1,1,0,10,13,30,19,3,true
8,1,1,1,20,76.15,0.21,4.67,16.32,355.35,0.03,19.74,6,0,0,0,8,6,13,7,1,true
20,5,1,5,54,237.19,0.17,6,39.53,1423.11,0.08,79.06,18,0,0,0,9,12,38,16,9,true
36,7,3,6,75,360.55,0.07,13.43,26.84,4843.41,0.12,269.08,32,0,2,0,13,15,44,31,13,true
27,1,1,1,104,537.67,0.14,7.33,73.32,3942.93,0.18,219.05,20,0,3,0,9,27,60,44,1,true
13,3,1,3,28,112,0.12,8.33,13.44,933.33,0.04,51.85,8,0,3,0,10,6,18,10,5,true
13,3,1,3,28,112,0.12,8.33,13.44,933.33,0.04,51.85,8,0,3,0,10,6,18,10,5,true
13,3,1,3,28,112,0.12,8.33,13.44,933.33,0.04,51.85,8,0,3,0,10,6,18,10,5,true
78,6,3,6,298,1801.23,0.09,10.89,165.42,19613.39,0.6,1089.63,71,1,1,0,12,54,200,98,10,true
84,7,3,7,311,1893.2,0.08,12.29,154.03,23269.16,0.63,1292.73,78,1,1,0,13,55,207,104,12,true
99,8,5,8,277,1601.44,0.03,30.88,51.86,49456.13,0.53,2747.56,85,6,6,0,21,34,177,100,15,true
25,3,1,3,45,191.16,0.13,7.65,24.99,1462.35,0.06,81.24,18,1,3,1,9,10,28,17,5,true
97,14,1,14,273,1605.96,0.03,30.12,53.32,48369.03,0.54,2687.17,88,2,5,0,21,38,164,109,27,true
95,16,9,16,254,1506.41,0.04,27.64,54.5,41638.64,0.5,2313.26,82,0,10,1,22,39,156,98,31,true
132,14,8,13,331,2028.79,0.03,28.71,70.65,58255.33,0.68,3236.41,110,11,9,0,21,49,197,134,26,true
61,4,1,4,217,1205.35,0.05,18.98,63.49,22882.74,0.4,1271.26,55,0,2,0,15,32,136,81,7,true
8,1,1,1,14,50.19,0.33,3,16.73,150.57,0.02,8.36,4,0,1,0,6,6,8,6,1,true
55,5,1,5,118,605.26,0.1,10.08,60.03,6102.99,0.2,339.06,48,0,0,0,11,24,74,44,8,true
57,4,1,4,198,1087.39,0.05,18.5,58.78,20116.66,0.36,1117.59,52,0,1,0,15,30,124,74,7,true
51,13,8,13,138,713.45,0.05,20.13,35.44,14362.87,0.24,797.94,44,3,2,0,17,19,93,45,25,true
93,7,1,7,247,1498.32,0.05,21.91,68.37,32835.61,0.5,1824.2,69,6,16,0,20,47,144,103,13,true
29,1,1,1,99,495,0.2,4.9,101.02,2425.5,0.17,134.75,24,0,0,0,7,25,64,35,1,true
112,16,10,13,334,1988.7,0.03,33.33,59.66,66290.05,0.66,3682.78,95,0,12,0,20,42,194,140,31,true
152,22,6,16,463,3027.63,0.03,29.75,101.78,90061.35,1.01,5003.41,130,4,16,0,22,71,271,192,42,true
25,4,1,4,76,372.92,0.12,8.68,42.94,3238.55,0.12,179.92,21,0,0,0,11,19,46,30,7,true
78,11,1,11,227,1318.27,0.05,19.4,67.96,25571.05,0.44,1420.61,60,7,7,0,17,39,138,89,21,true
35,5,3,4,83,415,0.09,10.61,39.13,4401.18,0.14,244.51,25,3,5,0,13,19,52,31,9,true
12,3,1,3,15,49.83,0.4,2.5,19.93,124.57,0.02,6.92,9,0,1,0,5,5,10,5,5,true
19,2,1,2,37,162.52,0.1,9.75,16.67,1584.53,0.05,88.03,17,0,0,0,13,8,25,12,5,true
19,3,1,3,31,118.03,0.13,8,14.75,944.22,0.04,52.46,16,0,1,0,8,6,19,12,5,true
15,2,1,2,30,131.77,0.19,5.25,25.1,691.79,0.04,38.43,8,1,1,0,9,12,16,14,3,true
217,28,18,27,521,3348.08,0.04,23.29,143.73,77990.66,1.12,4332.81,173,17,23,0,18,68,345,176,54,true
150,27,22,18,438,2799.84,0.02,46.67,60,130658.97,0.93,7258.83,113,6,24,0,30,54,270,168,53,true
30,3,1,3,77,361.93,0.08,12.43,29.12,4498.32,0.12,249.91,26,0,2,0,12,14,48,29,5,true
15,1,1,1,39,162.63,0.12,8.5,19.13,1382.33,0.05,76.8,12,0,1,0,9,9,22,17,1,true
41,1,1,1,0,0,0,0,0,0,0,0,0,0,0,0,0,0,0,0,1,true
25,3,3,3,48,217.13,0.11,8.71,24.93,1890.85,0.07,105.05,15,0,8,0,11,12,29,19,5,true
15,8,4,3,76,383.37,0.06,17,22.55,6517.36,0.13,362.08,12,0,1,0,17,16,44,32,15,true
56,13,7,11,226,1300.6,0.04,25.51,50.98,33184,0.43,1843.56,41,2,11,0,19,35,132,94,25,true
20,2,1,2,31,133.98,0.15,6.5,20.61,870.87,0.04,48.38,10,1,7,0,10,10,18,13,3,true
9,2,1,2,41,180.09,0.08,12.19,14.78,2194.79,0.06,121.93,6,0,1,0,13,8,26,15,3,true
145,25,21,18,441,2811.39,0.02,44.04,63.84,123803.5,0.94,6877.97,81,3,58,0,28,55,268,173,49,true
34,4,1,4,69,298.21,0.06,15.89,18.77,4738.27,0.1,263.24,19,0,13,0,11,9,43,26,7,true
12,1,1,1,41,182.84,0.12,8.5,21.51,1554.11,0.06,86.34,10,0,0,0,11,11,24,17,1,true
24,5,3,4,63,320.51,0.06,15.83,20.24,5074.74,0.11,281.93,19,0,3,0,19,15,38,25,9,true
74,6,5,4,135,753.97,0.07,14.5,52,10932.56,0.25,607.36,45,10,11,4,16,32,77,58,11,true
36,1,1,1,69,293.11,0.09,10.8,27.14,3165.56,0.1,175.86,18,11,4,0,9,10,45,24,1,true
7,2,1,2,18,59.79,0.29,3.5,17.08,209.28,0.02,11.63,5,0,0,0,7,3,15,3,3,true
7,1,1,1,14,44.38,0.4,2.5,17.75,110.95,0.01,6.16,5,0,0,0,5,4,10,4,1,true
6,1,1,1,13,33.6,0.33,3,11.2,100.81,0.01,5.6,4,0,0,0,4,2,10,3,1,true
55,5,1,3,142,765.71,0.07,14.25,53.73,10911.35,0.26,606.19,43,3,6,0,14,28,85,57,9,true
21,1,1,1,25,95.18,0.3,3.38,28.2,321.25,0.03,17.85,10,4,5,0,6,8,16,9,1,true
17,3,1,3,31,124,0.2,5,24.8,620,0.04,34.44,11,0,4,0,8,8,21,10,5,true
19,3,1,1,31,126.71,0.14,7.14,17.74,905.08,0.04,50.28,15,0,2,0,10,7,21,10,4,true
22,3,1,3,47,206.44,0.09,10.67,19.35,2202.02,0.07,122.33,14,2,2,0,12,9,31,16,5,true
40,3,1,3,88,451.38,0.1,10.05,44.93,4534.29,0.15,251.9,29,2,3,1,13,22,54,34,5,true
15,2,1,2,17,60.94,0.2,4.9,12.44,298.63,0.02,16.59,8,3,1,0,7,5,10,7,3,true
27,5,3,4,113,609.33,0.06,17.27,35.28,10524.82,0.2,584.71,21,0,4,0,20,22,75,38,9,true
35,1,1,1,32,133.44,0.19,5.2,25.66,693.88,0.04,38.55,8,18,0,0,8,10,19,13,1,true
30,2,1,2,93,460.74,0.14,7.14,64.5,3291,0.15,182.83,21,0,1,0,10,21,63,30,3,true
12,1,1,1,22,88,0.33,3,29.33,264,0.03,14.67,4,0,0,0,6,10,12,10,1,true
22,1,1,1,14,50.19,0.91,1.1,45.63,55.21,0.02,3.07,11,0,1,0,2,10,3,11,1,true
40,5,3,4,106,534.71,0.07,13.98,38.26,7472.51,0.18,415.14,35,0,2,0,13,20,63,43,9,true
176,16,10,14,385,2467.62,0.04,27.24,90.59,67213.15,0.82,3734.06,123,26,25,0,22,63,229,156,31,true
132,13,10,13,278,1757.5,0.05,22.19,79.19,39004.08,0.59,2166.89,88,24,18,0,23,57,168,110,25,true
101,13,6,12,214,1264.07,0.06,17.79,71.07,22482.47,0.42,1249.03,86,8,5,0,18,42,131,83,25,true
7,1,1,1,20,78.14,0.25,4,19.53,312.55,0.03,17.36,5,0,0,0,8,7,13,7,1,true
11,1,1,1,24,91.38,0.22,4.5,20.31,411.19,0.03,22.84,6,0,0,0,7,7,15,9,1,true
11,1,1,1,24,91.38,0.22,4.5,20.31,411.19,0.03,22.84,6,0,0,0,7,7,15,9,1,true
11,1,1,1,24,91.38,0.22,4.5,20.31,411.19,0.03,22.84,6,0,0,0,7,7,15,9,1,true
11,1,1,1,24,91.38,0.22,4.5,20.31,411.19,0.03,22.84,6,0,0,0,7,7,15,9,1,true
16,2,1,2,29,113.3,0.15,6.86,16.52,776.91,0.04,43.16,10,0,2,0,8,7,17,12,3,true
38,2,1,2,90,445.88,0.08,13,34.3,5796.41,0.15,322.02,27,4,5,0,13,18,54,36,3,true
50,5,1,5,116,621.48,0.08,11.93,52.11,7411.68,0.21,411.76,41,4,3,0,14,27,70,46,9,true
4,1,1,1,4,8,1,1,8,8,0,0.44,1,0,0,0,2,2,2,2,1,true
60,6,3,5,176,982.95,0.05,19.5,50.41,19167.59,0.33,1064.87,46,0,5,0,18,30,111,65,11,true
63,8,5,8,133,730.42,0.06,17,42.97,12417.08,0.24,689.84,54,1,6,0,18,27,82,51,15,true
72,11,7,9,154,850.63,0.04,26.13,32.56,22222.67,0.28,1234.59,60,2,5,1,22,24,97,57,21,true
57,6,1,5,195,1132.43,0.06,15.47,73.18,17523.69,0.38,973.54,48,2,5,0,17,39,124,71,10,true
82,16,13,16,204,1106.96,0.06,16.45,67.29,18211.24,0.37,1011.74,75,2,3,0,12,31,119,85,31,true
288,45,7,45,794,5228.46,0.02,44.9,116.45,234743.54,1.74,13041.31,262,9,15,0,23,73,509,285,89,true
96,9,1,8,274,1554.24,0.04,22.29,69.72,34646.7,0.52,1924.82,82,7,5,0,15,36,167,107,17,true
68,18,5,18,192,1066.48,0.06,15.48,68.88,16513.25,0.36,917.4,53,10,3,0,16,31,132,60,35,true
84,11,1,11,254,1500.35,0.03,28.95,51.83,43431.19,0.5,2412.84,65,4,13,0,22,38,154,100,21,true
20,2,1,2,20,74.01,0.16,6.42,11.53,474.89,0.02,26.38,6,10,2,1,7,6,9,11,3,true
72,12,8,10,215,1269.98,0.04,23.42,54.22,29746.87,0.42,1652.6,53,6,10,1,21,39,128,87,23,true
16,1,1,1,43,175.76,0.16,6.27,28.02,1102.5,0.06,61.25,14,0,1,0,6,11,20,23,1,true
40,5,1,5,125,674.04,0.05,19.88,33.91,13396.54,0.22,744.25,28,0,10,0,18,24,72,53,9,true
12,1,1,1,41,187.98,0.16,6.43,29.24,1208.47,0.06,67.14,9,0,1,0,10,14,23,18,1,true
11,1,1,1,41,187.98,0.16,6.43,29.24,1208.47,0.06,67.14,9,0,0,0,10,14,23,18,1,true
50,8,3,4,240,1480.78,0.03,34.78,42.58,51502.32,0.49,2861.24,40,0,8,0,31,41,148,92,15,true
25,2,1,2,38,169.46,0.19,5.19,32.64,879.88,0.06,48.88,18,2,3,0,9,13,23,15,3,true
4,1,1,1,6,15.51,0.4,2.5,6.2,38.77,0.01,2.15,2,0,0,0,5,1,5,1,1,true
220,12,8,12,453,3028.98,0.05,21.49,140.96,65087.11,1.01,3615.95,142,44,32,0,19,84,263,190,23,true
22,1,1,1,69,331.71,0.18,5.6,59.23,1857.56,0.11,103.2,13,0,0,0,8,20,41,28,1,true
23,1,1,1,69,331.71,0.18,5.6,59.23,1857.56,0.11,103.2,13,0,0,0,8,20,41,28,1,true
89,6,4,5,189,1043.95,0.04,23.74,43.97,24784.89,0.35,1376.94,60,8,12,1,17,29,108,81,11,true
15,1,1,1,41,177.2,0.19,5.33,33.22,945.06,0.06,52.5,9,0,0,0,8,12,25,16,1,true
100,7,3,6,362,2281.97,0.04,26.82,85.07,61212.81,0.76,3400.71,86,2,9,0,22,57,223,139,12,true
12,1,1,1,18,66.61,0.21,4.67,14.27,310.84,0.02,17.27,6,0,2,0,7,6,10,8,1,true
72,7,1,7,142,779.84,0.07,14.62,53.34,11401.84,0.26,633.44,46,10,12,0,16,29,89,53,13,true
23,1,1,1,46,218.72,0.32,3.14,69.59,687.42,0.07,38.19,15,0,2,0,6,21,24,22,1,true
140,18,10,18,376,2304.61,0.04,27.6,83.5,63607.25,0.77,3533.74,124,8,6,0,20,50,238,138,35,true
162,17,12,16,334,2011.47,0.03,35.6,56.51,71598.78,0.67,3977.71,114,35,11,0,23,42,204,130,33,true
33,1,1,1,55,252.17,0.11,9.31,27.09,2347.15,0.08,130.4,24,3,3,0,11,13,33,22,9,true
82,13,4,12,196,1117.29,0.03,29.7,37.62,33183.4,0.37,1843.52,71,2,7,0,22,30,115,81,25,true
73,10,7,9,247,1421.46,0.02,40.09,35.46,56980.83,0.47,3165.6,59,0,12,0,25,29,154,93,19,true
109,18,14,15,399,2550.53,0.02,42.25,60.37,107760.09,0.85,5986.67,93,1,12,0,28,56,230,169,35,true
61,5,1,2,148,817.49,0.06,16,51.09,13079.79,0.27,726.66,39,10,7,0,16,30,88,60,9,true
153,27,15,18,497,3294.79,0.02,48.32,68.18,159215.89,1.1,8845.33,137,2,11,0,31,68,285,212,53,true
33,1,1,1,65,325,0.17,5.83,55.71,1895.83,0.11,105.32,24,1,1,0,8,24,30,35,1,true
10,1,1,1,18,66.61,0.4,2.5,26.64,166.52,0.02,9.25,5,0,0,0,5,8,10,8,1,true
81,4,1,4,162,899.84,0.06,15.47,58.17,13919.45,0.3,773.3,46,16,17,0,15,32,96,66,7,true
97,11,8,8,216,1259.9,0.03,30.44,41.39,38352.97,0.42,2130.72,70,10,13,2,23,34,126,90,21,true
3,1,1,1,4,8,1,1,8,8,0,0.44,2,0,0,0,2,2,2,2,1,true
75,9,6,9,284,1746.53,0.03,30.43,57.39,53155.21,0.58,2953.07,52,1,18,0,25,46,172,112,17,true
98,17,3,15,307,1875.32,0.03,31.25,60.01,58603.66,0.63,3255.76,82,0,14,0,23,46,182,125,33,true
119,14,12,13,220,1304.76,0.03,31.2,41.82,40708.58,0.43,2261.59,81,23,13,0,26,35,136,84,27,true
35,5,5,5,88,418.43,0.05,21.25,19.69,8891.64,0.14,493.98,28,0,3,0,15,12,54,34,9,true
116,12,6,12,382,2467.5,0.06,18,137.08,44415.05,0.82,2467.5,97,2,15,0,18,70,242,140,23,true
205,26,16,19,491,3179.59,0.02,49.32,64.47,156823.6,1.06,8712.42,171,9,16,7,30,59,297,194,51,true
5,1,1,1,11,30.88,0.38,2.67,11.58,82.35,0.01,4.57,3,0,0,0,4,3,7,4,1,false
3,1,1,1,1,0,0,0,0,0,0,0,1,0,0,0,1,0,1,0,1,false
3,1,1,1,1,0,0,0,0,0,0,0,1,0,0,0,1,0,1,0,1,false
3,1,1,1,1,0,0,0,0,0,0,0,1,0,0,0,1,0,1,0,1,false
12,1,1,1,19,63.12,0.29,3.5,18.03,220.91,0.02,12.27,8,0,2,0,5,5,12,7,1,false
5,1,1,1,11,30.88,0.38,2.67,11.58,82.35,0.01,4.57,3,0,0,0,4,3,7,4,1,false
3,1,1,1,1,0,0,0,0,0,0,0,1,0,0,0,1,0,1,0,1,false
3,1,1,1,1,0,0,0,0,0,0,0,1,0,0,0,1,0,1,0,1,false
3,1,1,1,1,0,0,0,0,0,0,0,1,0,0,0,1,0,1,0,1,false
13,1,1,1,29,110.41,0.27,3.75,29.44,414.05,0.04,23,9,0,2,0,6,8,19,10,1,false
12,1,1,1,19,63.12,0.29,3.5,18.03,220.91,0.02,12.27,8,0,2,0,5,5,12,7,1,false
3,1,1,1,1,0,0,0,0,0,0,0,1,0,0,0,1,0,1,0,1,false
12,1,1,1,19,63.12,0.29,3.5,18.03,220.91,0.02,12.27,8,0,2,0,5,5,12,7,1,false
4,1,1,1,1,0,0,0,0,0,0,0,1,0,1,0,1,0,1,0,1,false
13,1,1,1,27,102.8,0.14,7.33,14.02,753.86,0.03,41.88,8,0,2,0,8,6,16,11,1,false
16,3,3,2,43,188.87,0.1,10,18.89,1888.7,0.06,104.93,12,0,2,0,12,9,28,15,5,false
16,3,3,2,43,188.87,0.1,10,18.89,1888.7,0.06,104.93,12,0,2,0,12,9,28,15,5,false
16,3,3,2,43,188.87,0.1,10,18.89,1888.7,0.06,104.93,12,0,2,0,12,9,28,15,5,false
16,1,1,1,34,141.78,0.19,5.2,27.26,737.24,0.05,40.96,10,0,2,0,8,10,21,13,1,false
35,6,5,6,85,412.93,0.09,11.38,36.3,4697.06,0.14,260.95,26,1,6,0,13,16,57,28,11,false
14,2,1,2,30,122.62,0.17,5.78,21.22,708.49,0.04,39.36,10,0,1,0,8,9,17,13,3,false
40,4,1,4,103,484.15,0.06,15.86,30.53,7677.16,0.16,426.51,32,0,1,0,12,14,66,37,7,false
38,4,3,4,94,489.69,0.09,11.57,42.34,5663.36,0.16,314.63,27,3,3,0,14,23,56,38,7,false
26,2,1,2,66,289.89,0.1,10,28.99,2898.93,0.1,161.05,19,0,5,0,10,11,44,22,3,false
15,2,1,2,38,152,0.11,9.17,16.58,1393.33,0.05,77.41,12,0,1,0,10,6,27,11,3,false
21,1,1,1,52,208,0.1,10.29,20.22,2139.43,0.07,118.86,15,0,4,0,9,7,36,16,1,false
11,1,1,1,18,66.61,0.21,4.8,13.88,319.72,0.02,17.76,7,0,2,0,8,5,12,6,1,false
17,2,1,2,27,108,0.15,6.67,16.2,720,0.04,40,12,0,3,0,10,6,19,8,3,false
25,3,1,3,58,254.75,0.11,9.35,27.25,2381.95,0.08,132.33,21,0,2,0,11,10,41,17,5,false
56,10,9,10,155,824.9,0.06,17.67,46.69,14573.21,0.27,809.62,48,4,2,0,16,24,102,53,19,false
59,5,1,4,138,713.45,0.06,15.83,45.08,11291.12,0.24,627.28,49,4,4,0,13,23,82,56,9,false
120,12,5,11,315,1804.29,0.04,23.29,77.47,42021.08,0.6,2334.5,104,9,5,0,15,38,197,118,23,false
23,3,1,3,51,230.7,0.11,9.17,25.17,2114.77,0.08,117.49,19,1,1,0,11,12,31,20,5,false
23,3,1,3,51,230.7,0.11,9.17,25.17,2114.77,0.08,117.49,19,1,1,0,11,12,31,20,5,false
22,3,1,3,51,230.7,0.11,9.17,25.17,2114.77,0.08,117.49,18,1,1,0,11,12,31,20,5,false
31,2,1,2,104,529.1,0.13,7.74,68.36,4095.2,0.18,227.51,21,1,4,0,9,25,61,43,3,false
13,1,1,1,36,150.12,0.19,5.2,28.87,780.61,0.05,43.37,8,0,0,0,8,10,23,13,1,false
17,1,1,1,55,248.8,0.17,5.87,42.41,1459.6,0.08,81.09,11,0,0,0,8,15,33,22,1,false
32,4,1,4,156,841.2,0.08,12.33,68.24,10369.98,0.28,576.11,25,0,2,0,13,29,101,55,7,false
17,1,1,1,62,291.43,0.18,5.56,52.46,1619.04,0.1,89.95,12,0,0,0,8,18,37,25,1,false
74,7,1,6,177,948.29,0.04,24,39.51,22758.88,0.32,1264.38,60,6,6,0,16,25,102,75,13,false
23,3,1,3,42,171.67,0.1,10.08,17.03,1731.04,0.06,96.17,20,0,1,0,11,6,31,11,5,false
20,2,1,2,46,195.4,0.1,10.31,18.95,2015.11,0.07,111.95,16,0,2,0,11,8,31,15,3,false
13,2,1,2,29,107.31,0.11,9,11.92,965.81,0.04,53.66,10,0,1,0,9,4,21,8,3,false
30,2,1,2,82,348.33,0.09,11.7,29.77,4075.46,0.12,226.41,24,2,2,0,9,10,56,26,3,false
38,6,3,6,120,564.05,0.05,18.5,30.49,10434.98,0.19,579.72,34,0,2,0,13,13,83,37,11,false
55,5,1,5,137,658.61,0.04,23.65,27.84,15578.6,0.22,865.48,50,2,1,0,15,13,96,41,9,false
24,3,1,3,55,241.58,0.09,10.67,22.65,2576.83,0.08,143.16,21,0,1,0,12,9,39,16,5,false
36,9,9,9,102,485,0.06,16.88,28.74,8184.35,0.16,454.69,32,1,1,0,15,12,75,27,17,false
210,25,11,25,606,3820.09,0.03,32.93,115.99,125808.33,1.27,6989.35,179,11,17,0,19,60,398,208,49,false
7,1,1,1,13,44.97,0.33,3,14.99,134.92,0.01,7.5,4,0,1,0,6,5,8,5,1,false
8,1,1,1,12,39.86,0.4,2.5,15.95,99.66,0.01,5.54,3,0,1,0,5,5,7,5,1,false
23,2,1,2,66,294.32,0.08,13,22.64,3826.19,0.1,212.57,14,0,4,0,11,11,40,26,3,false
9,1,1,1,20,76.15,0.21,4.67,16.32,355.35,0.03,19.74,6,0,0,0,8,6,13,7,1,false
34,5,3,5,115,575,0.07,14.71,39.09,8458.55,0.19,469.92,28,0,2,0,13,19,72,43,9,false
9,1,1,1,19,72.34,0.25,4,18.08,289.36,0.02,16.07,4,0,2,0,7,7,11,8,1,false
63,11,5,11,163,842.7,0.05,19.29,43.7,16252.03,0.28,902.89,52,4,5,0,15,21,109,54,21,false
7,1,1,1,12,41.51,0.33,3,13.84,124.54,0.01,6.92,4,0,1,0,6,5,7,5,1,false
28,2,1,2,74,363.11,0.11,9.26,39.2,3363.54,0.12,186.86,21,0,3,0,11,19,42,32,3,false
14,1,1,1,26,104,0.17,5.79,17.98,601.71,0.03,33.43,9,1,2,0,9,7,17,9,1,false
29,4,1,4,81,380.74,0.11,9,42.3,3426.62,0.13,190.37,22,0,1,0,9,17,47,34,7,false
41,8,5,8,111,544.66,0.06,17,32.04,9259.3,0.18,514.4,34,1,4,0,15,15,77,34,15,false
18,1,1,1,50,200,0.1,10.29,19.44,2057.13,0.07,114.29,14,0,2,0,9,7,34,16,1,false
14,1,1,1,21,84,0.33,3,28,252,0.03,14,8,0,1,0,6,10,11,10,1,false
4,1,1,1,7,19.65,0.4,2.5,7.86,49.13,0.01,2.73,2,0,0,0,5,2,5,2,1,false
11,1,1,1,17,64.73,0.33,3,21.58,194.18,0.02,10.79,6,0,1,0,6,8,9,8,1,false
4,1,1,1,7,19.65,0.4,2.5,7.86,49.13,0.01,2.73,2,0,0,0,5,2,5,2,1,false
6,1,1,1,5,11.61,0.67,1.5,7.74,17.41,0,0.97,3,0,1,0,3,2,3,2,1,false
18,2,1,2,31,126.71,0.16,6.43,19.71,814.57,0.04,45.25,14,0,2,0,10,7,22,9,3,false
2,1,1,1,0,0,0,0,0,0,0,0,0,0,0,0,0,0,0,0,1,false
43,5,1,5,117,600.13,0.06,17,35.3,10202.14,0.2,566.79,36,0,2,1,14,21,66,51,9,false
2,1,1,1,0,0,0,0,0,0,0,0,0,0,0,0,0,0,0,0,1,false
8,1,1,1,5,11.61,2,0.5,23.22,5.8,0,0.32,6,0,0,0,1,4,1,4,1,false
10,1,1,1,5,11.61,2,0.5,23.22,5.8,0,0.32,6,0,0,0,1,4,1,4,1,false
3,1,1,1,1,0,0,0,0,0,0,0,1,0,0,0,1,0,1,0,1,false
5,1,1,1,7,18.09,1,1,18.09,18.09,0.01,1.01,2,0,0,0,2,4,3,4,1,false
7,1,1,1,12,36,0.4,2.5,14.4,90,0.01,5,5,0,1,0,4,4,7,5,1,false
3,1,1,1,7,18.09,1,1,18.09,18.09,0.01,1.01,2,0,0,0,2,4,3,4,1,false
13,1,1,1,20,69.19,0.3,3.33,20.76,230.63,0.02,12.81,8,0,3,0,5,6,12,8,1,false
11,1,1,1,6,15.51,2,0.5,31.02,7.75,0.01,0.43,7,0,0,0,1,5,1,5,1,false
3,1,1,1,1,0,0,0,0,0,0,0,1,0,0,0,1,0,1,0,1,false
4,1,1,1,6,13.93,1,1,13.93,13.93,0,0.77,0,0,0,0,2,3,3,3,1,false
3,1,1,1,1,0,0,0,0,0,0,0,1,0,0,0,1,0,1,0,1,false
39,2,1,2,152,819.63,0.09,11.6,70.66,9507.73,0.27,528.21,31,1,5,0,12,30,94,58,3,false
1,1,1,1,0,0,0,0,0,0,0,0,0,0,0,0,0,0,0,0,1,false
4,1,1,1,3,4.75,1,1,4.75,4.75,0,0.26,0,0,0,0,2,1,2,1,1,false
13,1,1,1,20,69.19,0.3,3.33,20.76,230.63,0.02,12.81,8,0,3,0,5,6,12,8,1,false
4,1,1,1,7,18.09,1,1,18.09,18.09,0.01,1.01,1,0,0,0,2,4,3,4,1,false
2,1,1,1,7,18.09,1,1,18.09,18.09,0.01,1.01,1,0,0,0,2,4,3,4,1,false
10,1,1,1,19,63.12,0.25,4,15.78,252.47,0.02,14.03,7,0,2,0,5,5,11,8,1,false
20,1,1,1,57,257.83,0.23,4.38,58.94,1128.06,0.09,62.67,16,0,0,0,7,16,37,20,1,false
4,1,1,1,1,0,0,0,0,0,0,0,0,0,0,0,1,0,1,0,1,false
14,1,1,1,20,69.19,0.3,3.33,20.76,230.63,0.02,12.81,9,0,3,0,5,6,12,8,1,false
13,1,1,1,12,33.69,0.5,2,16.84,67.38,0.01,3.74,11,0,0,0,2,5,2,10,1,false
15,1,1,1,13,41.21,0.64,1.57,26.22,64.76,0.01,3.6,12,0,0,0,2,7,2,11,1,false
24,1,1,1,16,59.21,0.38,2.67,22.2,157.89,0.02,8.77,14,0,1,0,4,9,4,12,1,false
19,3,3,3,50,226.18,0.11,9.27,24.39,2097.29,0.08,116.52,15,0,2,0,12,11,33,17,5,false
17,1,1,1,45,194.49,0.18,5.5,35.36,1069.68,0.06,59.43,13,0,2,0,10,10,34,11,1,false
63,9,8,9,199,1086.43,0.05,18.57,58.5,20176.5,0.36,1120.92,50,4,7,0,16,28,134,65,17,false
6,1,1,1,10,31.7,0.4,2.5,12.68,79.25,0.01,4.4,1,0,0,0,5,4,6,4,1,false
9,1,1,1,8,24,0.4,2.5,9.6,60,0.01,3.33,4,0,1,0,5,3,5,3,1,false
9,1,1,1,8,24,0.4,2.5,9.6,60,0.01,3.33,4,0,1,0,5,3,5,3,1,false
6,1,1,1,10,31.7,0.4,2.5,12.68,79.25,0.01,4.4,1,0,0,0,5,4,6,4,1,false
6,1,1,1,10,31.7,0.4,2.5,12.68,79.25,0.01,4.4,1,0,0,0,5,4,6,4,1,false
6,1,1,1,10,31.7,0.4,2.5,12.68,79.25,0.01,4.4,1,0,0,0,5,4,6,4,1,false
10,1,1,1,8,24,0.4,2.5,9.6,60,0.01,3.33,4,0,1,0,5,3,5,3,1,false
6,1,1,1,10,31.7,0.4,2.5,12.68,79.25,0.01,4.4,1,0,0,0,5,4,6,4,1,false
6,1,1,1,10,31.7,0.4,2.5,12.68,79.25,0.01,4.4,1,0,0,0,5,4,6,4,1,false
10,1,1,1,8,24,0.4,2.5,9.6,60,0.01,3.33,4,0,1,0,5,3,5,3,1,false
87,9,1,9,212,1190.32,0.04,22.65,52.56,26954.95,0.4,1497.5,73,5,4,0,18,31,134,78,16,false
51,6,1,6,129,666.92,0.04,24.59,27.12,16398.39,0.22,911.02,45,2,2,0,19,17,85,44,10,false
88,14,10,9,239,1280.45,0.03,34.83,36.77,44593.23,0.43,2477.4,74,5,7,0,18,23,150,89,27,false
59,6,1,6,176,855,0.05,21.88,39.07,18709.51,0.29,1039.42,48,3,4,0,12,17,114,62,11,false
1,1,1,1,4,8,0.67,1.5,5.33,12,0,0.67,0,0,0,0,3,1,3,1,1,false
4,1,1,1,4,8,0.67,1.5,5.33,12,0,0.67,2,0,0,0,3,1,3,1,1,false
1,1,1,1,4,8,0.67,1.5,5.33,12,0,0.67,0,0,0,0,3,1,3,1,1,false
4,1,1,1,4,8,0.67,1.5,5.33,12,0,0.67,2,0,0,0,3,1,3,1,1,false
1,1,1,1,4,8,0.67,1.5,5.33,12,0,0.67,0,0,0,0,3,1,3,1,1,false
1,1,1,1,4,8,0.67,1.5,5.33,12,0,0.67,0,0,0,0,3,1,3,1,1,false
1,1,1,1,4,8,0.67,1.5,5.33,12,0,0.67,0,0,0,0,3,1,3,1,1,false
4,1,1,1,4,8,0.67,1.5,5.33,12,0,0.67,2,0,0,0,3,1,3,1,1,false
56,7,3,7,133,670.9,0.06,15.6,43.01,10466.11,0.22,581.45,52,0,1,0,13,20,85,48,12,false
4,1,1,1,4,8,0.67,1.5,5.33,12,0,0.67,2,0,0,0,3,1,3,1,1,false
4,1,1,1,4,8,0.67,1.5,5.33,12,0,0.67,2,0,0,0,3,1,3,1,1,false
4,1,1,1,4,8,0.67,1.5,5.33,12,0,0.67,2,0,0,0,3,1,3,1,1,false
1,1,1,1,4,8,0.67,1.5,5.33,12,0,0.67,0,0,0,0,3,1,3,1,1,false
1,1,1,1,4,8,0.67,1.5,5.33,12,0,0.67,0,0,0,0,3,1,3,1,1,false
4,1,1,1,4,8,0.67,1.5,5.33,12,0,0.67,2,0,0,0,3,1,3,1,1,false
4,1,1,1,4,8,0.67,1.5,5.33,12,0,0.67,2,0,0,0,3,1,3,1,1,false
4,1,1,1,4,8,0.67,1.5,5.33,12,0,0.67,2,0,0,0,3,1,3,1,1,false
4,1,1,1,4,8,0.67,1.5,5.33,12,0,0.67,2,0,0,0,3,1,3,1,1,false
1,1,1,1,4,8,0.67,1.5,5.33,12,0,0.67,0,0,0,0,3,1,3,1,1,false
4,1,1,1,4,8,0.67,1.5,5.33,12,0,0.67,2,0,0,0,3,1,3,1,1,false
4,1,1,1,4,8,0.67,1.5,5.33,12,0,0.67,2,0,0,0,3,1,3,1,1,false
1,1,1,1,4,8,0.67,1.5,5.33,12,0,0.67,0,0,0,0,3,1,3,1,1,false
4,1,1,1,4,8,0.67,1.5,5.33,12,0,0.67,2,0,0,0,3,1,3,1,1,false
9,1,1,1,20,76.15,0.21,4.67,16.32,355.35,0.03,19.74,6,0,0,0,8,6,13,7,1,false
1,1,1,1,4,8,0.67,1.5,5.33,12,0,0.67,0,0,0,0,3,1,3,1,1,false
4,1,1,1,4,8,0.67,1.5,5.33,12,0,0.67,2,0,0,0,3,1,3,1,1,false
4,1,1,1,4,8,0.67,1.5,5.33,12,0,0.67,2,0,0,0,3,1,3,1,1,false
4,1,1,1,4,8,0.67,1.5,5.33,12,0,0.67,2,0,0,0,3,1,3,1,1,false
1,1,1,1,4,8,0.67,1.5,5.33,12,0,0.67,0,0,0,0,3,1,3,1,1,false
1,1,1,1,4,8,0.67,1.5,5.33,12,0,0.67,0,0,0,0,3,1,3,1,1,false
4,1,1,1,4,8,0.67,1.5,5.33,12,0,0.67,2,0,0,0,3,1,3,1,1,false
4,1,1,1,4,8,0.67,1.5,5.33,12,0,0.67,2,0,0,0,3,1,3,1,1,false
4,1,1,1,4,8,0.67,1.5,5.33,12,0,0.67,2,0,0,0,3,1,3,1,1,false
1,1,1,1,4,8,0.67,1.5,5.33,12,0,0.67,0,0,0,0,3,1,3,1,1,false
1,1,1,1,4,8,0.67,1.5,5.33,12,0,0.67,0,0,0,0,3,1,3,1,1,false
1,1,1,1,4,8,0.67,1.5,5.33,12,0,0.67,0,0,0,0,3,1,3,1,1,false
4,1,1,1,4,8,0.67,1.5,5.33,12,0,0.67,2,0,0,0,3,1,3,1,1,false
1,1,1,1,4,8,0.67,1.5,5.33,12,0,0.67,0,0,0,0,3,1,3,1,1,false
1,1,1,1,4,8,0.67,1.5,5.33,12,0,0.67,0,0,0,0,3,1,3,1,1,false
1,1,1,1,4,8,0.67,1.5,5.33,12,0,0.67,0,0,0,0,3,1,3,1,1,false
4,1,1,1,4,8,0.67,1.5,5.33,12,0,0.67,2,0,0,0,3,1,3,1,1,false
1,1,1,1,4,8,0.67,1.5,5.33,12,0,0.67,0,0,0,0,3,1,3,1,1,false
4,1,1,1,4,8,0.67,1.5,5.33,12,0,0.67,2,0,0,0,3,1,3,1,1,false
4,1,1,1,4,8,0.67,1.5,5.33,12,0,0.67,2,0,0,0,3,1,3,1,1,false
4,1,1,1,4,8,0.67,1.5,5.33,12,0,0.67,2,0,0,0,3,1,3,1,1,false
4,1,1,1,4,8,0.67,1.5,5.33,12,0,0.67,2,0,0,0,3,1,3,1,1,false
4,1,1,1,4,8,0.67,1.5,5.33,12,0,0.67,2,0,0,0,3,1,3,1,1,false
1,1,1,1,4,8,0.67,1.5,5.33,12,0,0.67,0,0,0,0,3,1,3,1,1,false
4,1,1,1,4,8,0.67,1.5,5.33,12,0,0.67,2,0,0,0,3,1,3,1,1,false
4,1,1,1,4,8,0.67,1.5,5.33,12,0,0.67,2,0,0,0,3,1,3,1,1,false
4,1,1,1,4,8,0.67,1.5,5.33,12,0,0.67,2,0,0,0,3,1,3,1,1,false
16,2,1,2,25,92.51,0.16,6.4,14.45,592.07,0.03,32.89,12,0,2,0,8,5,17,8,3,false
16,2,1,2,25,92.51,0.16,6.4,14.45,592.07,0.03,32.89,12,0,2,0,8,5,17,8,3,false
18,2,1,2,29,110.41,0.15,6.67,16.56,736.09,0.04,40.89,13,0,3,0,8,6,19,10,3,false
7,1,1,1,8,22.46,0.5,2,11.23,44.92,0.01,2.5,4,0,0,0,4,3,5,3,1,false
8,1,1,1,9,27,0.5,2,13.5,54,0.01,3,4,0,2,0,4,4,5,4,1,false
14,2,1,2,29,110.41,0.14,7.33,15.06,809.7,0.04,44.98,10,0,2,0,8,6,18,11,3,false
16,2,1,2,25,92.51,0.16,6.4,14.45,592.07,0.03,32.89,12,0,2,0,8,5,17,8,3,false
16,2,1,2,25,92.51,0.16,6.4,14.45,592.07,0.03,32.89,12,0,2,0,8,5,17,8,3,false
17,2,1,2,24,91.38,0.17,6,15.23,548.26,0.03,30.46,12,0,3,0,8,6,15,9,3,false
17,2,1,2,25,92.51,0.16,6.4,14.45,592.07,0.03,32.89,12,0,3,0,8,5,17,8,3,false
17,2,1,2,25,92.51,0.16,6.4,14.45,592.07,0.03,32.89,12,0,3,0,8,5,17,8,3,false
7,1,1,1,8,22.46,0.5,2,11.23,44.92,0.01,2.5,4,0,0,0,4,3,5,3,1,false
17,2,1,2,24,91.38,0.17,6,15.23,548.26,0.03,30.46,12,0,3,0,8,6,15,9,3,false
9,1,1,1,14,46.51,0.27,3.75,12.4,174.4,0.02,9.69,4,2,1,0,6,4,9,5,1,false
14,2,1,2,19,68.11,0.17,6,11.35,408.69,0.02,22.7,8,0,4,0,8,4,13,6,3,false
16,2,1,2,25,92.51,0.16,6.4,14.45,592.07,0.03,32.89,12,0,2,0,8,5,17,8,3,false
17,2,1,2,25,92.51,0.16,6.4,14.45,592.07,0.03,32.89,12,0,3,0,8,5,17,8,3,false
116,17,8,16,260,1548.09,0.04,25,61.92,38702.28,0.52,2150.13,96,9,9,0,20,42,155,105,33,false
44,7,5,7,80,416.76,0.1,10.23,40.75,4262.28,0.14,236.79,33,3,4,0,15,22,50,30,13,false
32,4,1,4,57,274.02,0.13,7.88,34.8,2157.9,0.09,119.88,22,1,3,0,12,16,36,21,7,false
26,2,1,2,67,298.78,0.09,11.5,25.98,3435.99,0.1,190.89,20,1,2,0,11,11,44,23,3,false
99,19,15,19,312,1872,0.04,26.59,70.4,49778.18,0.62,2765.45,78,12,3,3,20,44,195,117,37,false
52,10,6,10,174,955.58,0.06,17.66,54.12,16870.97,0.32,937.28,46,1,3,0,16,29,110,64,19,false
52,6,1,6,132,682.43,0.08,12.25,55.71,8359.77,0.23,464.43,42,4,4,0,12,24,83,49,11,false
49,9,5,9,130,644.05,0.05,18.28,35.23,11773.96,0.21,654.11,42,2,3,0,15,16,91,39,17,false
13,2,1,2,32,130.8,0.16,6.22,21.02,813.86,0.04,45.21,7,0,0,0,8,9,18,14,3,false
14,1,1,1,21,84,0.33,3,28,252,0.03,14,8,0,1,0,6,10,11,10,1,false
4,1,1,1,7,19.65,0.4,2.5,7.86,49.13,0.01,2.73,2,0,0,0,5,2,5,2,1,false
2,1,1,1,5,11.61,0.5,2,5.8,23.22,0,1.29,0,0,0,0,4,1,4,1,1,false
2,1,1,1,5,11.61,0.5,2,5.8,23.22,0,1.29,0,0,0,0,4,1,4,1,1,false
2,1,1,1,5,11.61,0.67,1.5,7.74,17.41,0,0.97,0,0,0,0,3,2,3,2,1,false
6,1,1,1,10,20,0.22,4.5,4.44,90,0.01,5,4,0,0,0,3,1,7,3,1,false
2,1,1,1,4,8,0.67,1.5,5.33,12,0,0.67,0,0,0,0,3,1,3,1,1,false
2,1,1,1,4,8,0.67,1.5,5.33,12,0,0.67,0,0,0,0,3,1,3,1,1,false
2,1,1,1,5,11.61,0.67,1.5,7.74,17.41,0,0.97,0,0,0,0,3,2,3,2,1,false
2,1,1,1,5,11.61,0.67,1.5,7.74,17.41,0,0.97,0,0,0,0,3,2,3,2,1,false
28,4,1,1,60,278.63,0.08,12.46,22.36,3472.18,0.09,192.9,22,0,1,0,12,13,33,27,7,false
28,4,1,1,60,278.63,0.08,12.46,22.36,3472.18,0.09,192.9,22,0,1,0,12,13,33,27,7,false
23,3,1,3,55,241.58,0.1,9.9,24.4,2391.62,0.08,132.87,18,2,1,0,11,10,37,18,5,false
4,1,1,1,7,18.09,0.67,1.5,12.06,27.14,0.01,1.51,0,0,0,0,3,3,4,3,1,false
4,1,1,1,7,18.09,0.67,1.5,12.06,27.14,0.01,1.51,0,0,0,0,3,3,4,3,1,false
4,1,1,1,2,2,0,0,0,0,0,0,0,0,0,0,2,0,2,0,1,false
35,2,1,1,141,734.53,0.1,9.81,74.84,7209.3,0.24,400.52,31,0,2,0,10,27,88,53,3,false
4,1,1,1,4,8,0.67,1.5,5.33,12,0,0.67,0,0,0,0,3,1,3,1,1,false
4,1,1,1,7,18.09,0.67,1.5,12.06,27.14,0.01,1.51,0,0,0,0,3,3,4,3,1,false
4,1,1,1,7,18.09,0.67,1.5,12.06,27.14,0.01,1.51,0,0,0,0,3,3,4,3,1,false
4,1,1,1,9,28.53,0.29,3.5,8.15,99.85,0.01,5.55,2,0,0,0,7,2,7,2,1,false
47,3,1,3,94,478.22,0.09,11.76,40.66,5624.8,0.16,312.49,33,7,4,0,13,21,56,38,5,false
4,1,1,1,8,24,0.4,2.5,9.6,60,0.01,3.33,2,0,0,0,5,3,5,3,1,false
41,5,3,5,99,490.47,0.09,10.74,45.68,5266.05,0.16,292.56,37,1,1,0,12,19,65,34,8,false
41,5,3,5,132,682.43,0.08,12.15,56.16,8293.01,0.23,460.72,37,1,1,0,13,23,89,43,8,false
53,5,3,5,174,982.03,0.08,12,81.84,11784.37,0.33,654.69,49,0,2,0,15,35,118,56,8,false
15,4,3,4,49,218.51,0.06,16.63,13.14,3632.76,0.07,201.82,12,0,1,0,14,8,30,19,7,false
14,2,1,2,42,178.41,0.09,11,16.21,1962.54,0.06,109.03,10,0,1,0,11,8,26,16,3,false
82,9,1,9,191,1072.41,0.06,15.76,68.06,16898.58,0.36,938.81,74,0,3,0,16,33,126,65,16,false
41,5,3,5,100,504.44,0.09,11.05,45.65,5574.06,0.17,309.67,38,1,0,0,13,20,66,34,8,false
60,6,1,5,156,818.68,0.06,16.37,49.98,13409.92,0.27,745,50,4,4,0,13,25,93,63,11,false
12,1,1,1,19,72.34,0.21,4.67,15.5,337.59,0.02,18.75,6,2,2,0,8,6,12,7,1,false
11,3,1,3,26,93.21,0.16,6.3,14.8,587.22,0.03,32.61,8,0,1,0,7,5,17,9,5,false
68,7,1,7,165,945.11,0.06,16.46,57.43,15553.76,0.32,864.1,58,1,4,0,18,35,101,64,12,false
11,1,1,1,22,76.11,0.3,3.33,22.83,253.69,0.03,14.09,6,1,2,0,5,6,14,8,1,false
60,11,5,11,155,795.04,0.05,18.38,43.27,14608.84,0.27,811.6,50,4,4,0,15,20,106,49,21,false
24,4,1,4,68,303.24,0.12,8.29,36.6,2512.57,0.1,139.59,19,0,0,0,8,14,39,29,7,false
51,13,8,13,138,713.45,0.05,20.13,35.44,14362.87,0.24,797.94,44,3,2,0,17,19,93,45,25,false
12,2,1,2,32,130.8,0.16,6.22,21.02,813.86,0.04,45.21,7,0,0,0,8,9,18,14,3,false
13,1,1,1,19,74.23,0.33,3,24.74,222.69,0.02,12.37,7,0,1,0,6,9,10,9,1,false
4,1,1,1,7,19.65,0.4,2.5,7.86,49.13,0.01,2.73,2,0,0,0,5,2,5,2,1,false
16,2,1,2,32,133.44,0.18,5.6,23.83,747.25,0.04,41.51,11,0,1,0,8,10,18,14,3,false
4,1,1,1,7,19.65,0.4,2.5,7.86,49.13,0.01,2.73,2,0,0,0,5,2,5,2,1,false
12,2,1,2,32,130.8,0.16,6.22,21.02,813.86,0.04,45.21,7,0,0,0,8,9,18,14,3,false
51,13,8,13,138,713.45,0.05,20.13,35.44,14362.87,0.24,797.94,44,3,2,0,17,19,93,45,25,false
13,1,1,1,19,74.23,0.33,3,24.74,222.69,0.02,12.37,7,0,1,0,6,9,10,9,1,false
4,1,1,1,7,19.65,0.4,2.5,7.86,49.13,0.01,2.73,2,0,0,0,5,2,5,2,1,false
24,3,3,3,49,221.65,0.23,4.38,50.66,969.74,0.07,53.87,20,0,2,0,7,16,29,20,5,false
54,18,11,18,150,781.42,0.07,13.44,58.14,10502.26,0.26,583.46,49,1,2,0,12,25,94,56,35,false
13,2,1,2,29,120.93,0.15,6.87,17.59,831.38,0.04,46.19,10,0,1,0,10,8,18,11,3,false
7,1,1,1,14,50.19,0.33,3,16.73,150.57,0.02,8.36,3,0,0,0,6,6,8,6,1,false
8,1,1,1,14,50.19,0.33,3,16.73,150.57,0.02,8.36,4,0,1,0,6,6,8,6,1,false
25,4,1,4,77,361.93,0.09,11.73,30.85,4246.69,0.12,235.93,20,0,0,0,11,15,45,32,7,false
7,1,1,1,14,50.19,0.33,3,16.73,150.57,0.02,8.36,3,0,0,0,6,6,8,6,1,false
53,7,3,7,181,963.27,0.05,21.67,44.46,20870.83,0.32,1159.49,44,0,4,0,16,24,116,65,13,false
64,12,5,12,171,890.82,0.05,19.09,46.66,17006.5,0.3,944.81,53,4,5,0,15,22,115,56,23,false
18,1,1,1,40,166.8,0.18,5.41,30.84,902.22,0.06,50.12,9,0,4,0,7,11,23,17,1,false
5,1,1,1,9,28.53,0.33,3,9.51,85.59,0.01,4.75,2,0,0,0,6,3,6,3,1,false
13,2,1,2,32,130.8,0.16,6.22,21.02,813.86,0.04,45.21,7,0,0,0,8,9,18,14,3,false
15,1,1,1,21,84,0.33,3,28,252,0.03,14,8,0,1,0,6,10,11,10,1,false
4,1,1,1,7,19.65,0.4,2.5,7.86,49.13,0.01,2.73,2,0,0,0,5,2,5,2,1,false
23,2,1,2,44,199.04,0.15,6.54,30.44,1301.39,0.07,72.3,19,0,0,0,10,13,27,17,3,false
4,1,1,1,5,11.61,0.67,1.5,7.74,17.41,0,0.97,2,0,0,0,3,2,3,2,1,false
4,1,1,1,5,11.61,0.67,1.5,7.74,17.41,0,0.97,2,0,0,0,3,2,3,2,1,false
48,6,3,6,133,682.19,0.06,16.67,40.93,11369.91,0.23,631.66,41,3,2,0,14,21,83,50,11,false
24,3,3,3,69,312.13,0.15,6.56,47.56,2048.33,0.1,113.8,19,0,3,0,7,16,39,30,5,false
15,1,1,1,47,223.48,0.4,2.5,89.39,558.7,0.07,31.04,12,0,1,0,5,22,25,22,1,false
39,5,3,5,86,430,0.09,11.67,36.86,5016.67,0.14,278.7,33,1,1,0,14,18,56,30,8,false
63,8,1,7,145,805.42,0.06,15.52,51.9,12497.82,0.27,694.32,57,0,0,0,18,29,95,50,14,false
23,2,1,2,58,265.93,0.14,6.9,38.54,1834.9,0.09,101.94,16,1,3,0,9,15,35,23,3,false
17,1,1,1,40,175.69,0.17,6,29.28,1054.16,0.06,58.56,9,1,3,0,9,12,24,16,1,false
34,3,1,3,80,380.39,0.11,8.82,43.11,3356.39,0.13,186.47,28,1,2,0,10,17,50,30,5,false
26,2,1,2,63,296.13,0.11,8.8,33.65,2605.92,0.1,144.77,19,1,2,0,11,15,39,24,3,false
22,2,1,2,56,253.32,0.14,7.07,35.82,1791.33,0.08,99.52,16,1,2,0,9,14,34,22,3,false
31,3,1,3,79,379.78,0.1,9.71,39.13,3686.11,0.13,204.78,25,1,2,0,11,17,49,30,5,false
23,2,1,2,56,253.32,0.14,7.07,35.82,1791.33,0.08,99.52,16,1,3,0,9,14,34,22,3,false
24,2,1,2,56,263.22,0.12,8.07,32.63,2123.35,0.09,117.96,16,1,3,0,11,15,34,22,3,false
16,1,1,1,40,175.69,0.17,6,29.28,1054.16,0.06,58.56,9,1,2,0,9,12,24,16,1,false
23,2,1,2,58,265.93,0.14,6.9,38.54,1834.9,0.09,101.94,16,1,3,0,9,15,35,23,3,false
16,1,1,1,40,175.69,0.17,6,29.28,1054.16,0.06,58.56,9,1,2,0,9,12,24,16,1,false
16,1,1,1,40,175.69,0.17,6,29.28,1054.16,0.06,58.56,9,1,2,0,9,12,24,16,1,false
16,1,1,1,40,175.69,0.17,6,29.28,1054.16,0.06,58.56,9,1,2,0,9,12,24,16,1,false
23,1,1,1,62,294.8,0.15,6.5,45.35,1916.22,0.1,106.46,13,1,3,0,9,18,36,26,1,false
23,2,1,2,58,265.93,0.14,6.9,38.54,1834.9,0.09,101.94,16,1,3,0,9,15,35,23,3,false
16,1,1,1,40,175.69,0.17,6,29.28,1054.16,0.06,58.56,9,1,2,0,9,12,24,16,1,false
23,2,1,2,56,253.32,0.14,7.07,35.82,1791.33,0.08,99.52,16,1,3,0,9,14,34,22,3,false
16,1,1,1,40,175.69,0.17,6,29.28,1054.16,0.06,58.56,9,1,2,0,9,12,24,16,1,false
18,1,1,1,54,250.77,0.16,6.19,40.53,1551.63,0.08,86.2,11,1,2,0,9,16,32,22,1,false
18,1,1,1,54,250.77,0.16,6.19,40.53,1551.63,0.08,86.2,11,1,2,0,9,16,32,22,1,false
27,2,1,2,61,279.68,0.14,7.2,38.84,2013.72,0.09,111.87,20,1,3,0,9,15,37,24,3,false
18,1,1,1,42,184.48,0.16,6.38,28.94,1176.04,0.06,65.34,10,1,3,0,9,12,25,17,1,false
18,1,1,1,54,250.77,0.16,6.19,40.53,1551.63,0.08,86.2,11,1,2,0,9,16,32,22,1,false
127,25,7,22,396,2309.82,0.03,38.21,60.45,88254.54,0.77,4903.03,108,7,9,0,21,36,265,131,49,false
25,5,5,4,51,227.43,0.09,10.8,21.06,2456.25,0.08,136.46,19,2,2,0,12,10,33,18,9,false
48,4,1,4,121,568.75,0.07,13.93,40.82,7924.63,0.19,440.26,39,0,6,0,11,15,83,38,7,false
6,2,1,1,14,50.19,0.24,4.2,11.95,210.8,0.02,11.71,4,0,0,0,7,5,8,6,3,false
60,2,1,2,156,909.93,0.18,5.47,166.37,4976.76,0.3,276.49,57,0,1,0,8,49,89,67,3,false
22,2,1,2,35,148.68,0.16,6.3,23.6,936.67,0.05,52.04,15,0,3,0,9,10,21,14,3,false
22,2,1,2,35,148.68,0.16,6.3,23.6,936.67,0.05,52.04,15,0,3,0,9,10,21,14,3,false
20,2,1,2,30,125.1,0.17,6,20.85,750.59,0.04,41.7,13,0,3,0,9,9,18,12,3,false
21,3,1,3,55,241.58,0.09,11.55,20.92,2790.22,0.08,155.01,12,3,4,0,11,10,34,21,5,false
31,6,5,6,95,456.7,0.07,14.63,31.23,6679.22,0.15,371.07,26,0,0,0,12,16,56,39,11,false
52,7,3,7,174,919.66,0.05,19.69,46.71,18105.81,0.31,1005.88,44,0,3,0,15,24,111,63,13,false
6,1,1,1,11,36.54,0.33,3,12.18,109.62,0.01,6.09,3,0,0,0,6,4,7,4,1,false
5,1,1,1,9,28.53,0.33,3,9.51,85.59,0.01,4.75,2,0,0,0,6,3,6,3,1,false
7,1,1,1,14,50.19,0.33,3,16.73,150.57,0.02,8.36,3,0,0,0,6,6,8,6,1,false
18,1,1,1,41,174.17,0.19,5.25,33.17,914.37,0.06,50.8,10,0,4,0,7,12,23,18,1,false
13,2,1,2,32,130.8,0.16,6.22,21.02,813.86,0.04,45.21,7,0,0,0,8,9,18,14,3,false
51,13,8,13,138,713.45,0.05,20.13,35.44,14362.87,0.24,797.94,44,3,2,0,17,19,93,45,25,false
15,1,1,1,21,84,0.33,3,28,252,0.03,14,8,0,1,0,6,10,11,10,1,false
4,1,1,1,7,19.65,0.4,2.5,7.86,49.13,0.01,2.73,2,0,0,0,5,2,5,2,1,false
12,2,1,2,32,130.8,0.16,6.22,21.02,813.86,0.04,45.21,6,0,0,0,8,9,18,14,3,false
15,1,1,1,21,84,0.33,3,28,252,0.03,14,8,0,1,0,6,10,11,10,1,false
4,1,1,1,7,19.65,0.4,2.5,7.86,49.13,0.01,2.73,2,0,0,0,5,2,5,2,1,false
13,2,1,2,32,130.8,0.16,6.22,21.02,813.86,0.04,45.21,7,0,0,0,8,9,18,14,3,false
51,13,8,13,138,713.45,0.05,20.13,35.44,14362.87,0.24,797.94,44,3,2,0,17,19,93,45,25,false
15,1,1,1,21,84,0.33,3,28,252,0.03,14,8,0,1,0,6,10,11,10,1,false
4,1,1,1,7,19.65,0.4,2.5,7.86,49.13,0.01,2.73,2,0,0,0,5,2,5,2,1,false
112,12,7,12,280,1647.14,0.04,25.9,63.6,42656.7,0.55,2369.82,97,7,6,0,20,39,179,101,23,false
33,4,1,4,114,602.54,0.08,12.04,50.04,7254.53,0.2,403.03,27,0,4,0,14,25,71,43,7,false
33,4,1,4,106,548.01,0.09,11.02,49.72,6040.05,0.18,335.56,26,0,5,0,13,23,67,39,7,false
38,4,3,4,124,630.85,0.07,13.62,46.32,8591.51,0.21,477.31,33,0,2,0,13,21,80,44,7,false
34,3,1,3,99,485.78,0.1,10.42,46.62,5062.36,0.16,281.24,29,0,1,0,11,19,63,36,5,false
9,1,1,1,23,87.57,0.22,4.5,19.46,394.06,0.03,21.89,5,1,0,0,7,7,14,9,1,false
34,5,4,5,105,499.26,0.06,16.71,29.87,8344.83,0.17,463.6,28,0,4,0,13,14,69,36,9,false
24,2,1,2,70,336.51,0.11,8.74,38.52,2939.56,0.11,163.31,18,0,1,0,11,17,43,27,3,false
29,3,1,3,64,300.83,0.11,9.17,32.82,2757.59,0.1,153.2,24,0,1,0,11,15,39,25,5,false
17,2,1,2,36,144,0.12,8.33,17.28,1200,0.05,66.67,14,0,1,0,10,6,26,10,3,false
32,3,1,3,115,620.12,0.11,9.4,65.97,5829.1,0.21,323.84,20,0,3,0,12,30,68,47,5,false
23,1,1,1,37,165,0.31,3.19,51.76,525.93,0.05,29.22,13,0,2,0,6,16,20,17,1,false
23,1,1,1,38,171.9,0.27,3.72,46.22,639.24,0.06,35.51,13,0,2,0,7,16,21,17,1,false
31,4,1,4,85,421.11,0.11,9.47,44.45,3989.43,0.14,221.64,25,0,1,0,12,19,55,30,7,false
40,4,1,4,122,630.73,0.08,13,48.52,8199.5,0.21,455.53,35,0,3,0,13,23,76,46,7,false
5,1,1,1,9,28.53,0.33,3,9.51,85.59,0.01,4.75,2,0,0,0,6,3,6,3,1,false
12,1,1,1,33,132,0.2,5.06,26.11,667.33,0.04,37.07,8,0,1,0,7,9,20,13,1,false
20,1,1,1,76,369.21,0.17,5.9,62.53,2180.08,0.12,121.12,14,0,0,0,8,21